52
48
435
384
363
337
309
312
293
309
276
267
259
265
329
70
284
227
266
120
53
58
468
384
378
342
299
304
226
242
217
266
52
286
70
57
50
57
238
250
56
52
75
49
51
92
50
53
126
50
51
49
50
48
51
52
50
50
52
50
45
50
52
50
51
46
52
53
54
51
49
49
51
48
51
50
51
49
49
50
51
52
51
50
52
49
51
48
53
48
50
45
52
47
51
48
50
45
52
51
51
48
49
51
51
441
380
395
339
264
329
296
307
118
271
261
265
249
186
285
131
259
49
66
52
434
409
363
352
307
315
276
278
270
52
294
50
150
165
195
57
96
57
52
188
68
52
53
64
52
50
53
49
52
48
53
50
51
52
52
51
57
49
51
52
52
51
53
52
46
51
52
48
50
54
51
48
51
44
48
44
51
50
51
445
367
371
330
302
307
308
280
312
293
304
221
186
224
290
245
195
173
67
52
462
402
362
324
303
317
292
305
295
109
244
158
263
145
48
70
57
49
61
52
90
53
50
75
42
51
56
57
50
51
53
48
48
49
49
53
51
46
49
44
50
45
51
49
48
45
43
51
51
51
446
388
348
322
371
305
292
273
278
323
213
270
258
266
52
153
115
48
99
221
459
417
362
337
242
254
307
273
291
188
184
61
43
142
49
47
80
46
260
49
46
77
56
48
83
53
50
48
49
50
51
50
51
44
48
49
49
50
49
48
50
46
50
50
50
50
46
49
434
395
352
336
308
308
290
285
289
276
286
271
261
171
344
273
325
58
52
166
467
420
321
348
310
310
309
256
267
54
283
110
241
182
222
485
50
56
47
221
61
49
88
52
50
67
47
50
46
51
50
43
51
50
49
50
46
51
50
46
51
54
54
49
50
48
49
48
51
49
51
51
48
45
49
47
52
51
50
50
47
48
44
50
54
49
50
51
50
43
444
382
384
346
307
320
294
273
256
258
170
277
263
88
304
287
65
121
72
51
473
416
361
339
318
287
262
273
283
52
299
50
241
62
290
206
52
47
129
51
147
67
48
69
56
48
43
52
48
49
49
49
50
50
48
48
51
47
50
50
50
51
47
50
45
48
51
50
50
44
48
50
50
53
50
48
51
52
50
48
47
49
50
52
51
50
51
48
51
54
52
46
51
50
49
49
50
50
49
52
48
49
50
51
50
51
50
46
51
45
50
45
48
441
386
331
380
316
286
304
320
273
267
260
276
229
72
301
301
237
72
85
47
474
388
371
341
306
300
295
281
285
157
275
50
189
185
304
100
53
164
70
50
66
53
52
99
52
48
78
48
48
48
50
51
50
51
50
51
50
53
49
48
50
45
52
51
49
51
50
52
48
51
51
43
50
52
49
46
50
441
364
390
350
301
332
292
283
285
277
265
242
282
305
342
280
64
101
58
48
465
421
360
343
256
314
281
283
269
49
288
51
241
164
213
177
55
49
93
48
45
50
52
52
54
54
53
50
54
161
45
50
47
46
50
49
56
49
49
48
49
51
52
51
48
49
48
51
50
46
49
46
49
49
45
48
47
57
50
49
48
45
48
48
49
50
46
49
51
54
48
50
47
50
52
48
53
52
47
48
46
52
47
48
44
51
50
55
52
387
379
324
345
315
274
289
336
275
261
266
254
217
235
291
301
329
254
49
80
461
424
361
323
328
261
294
264
277
267
142
274
59
350
50
48
109
67
53
48
57
50
93
52
52
50
49
50
51
45
51
49
49
51
52
50
51
52
54
50
53
50
54
50
52
50
50
50
51
50
46
49
50
51
51
52
47
46
49
52
52
53
45
46
53
51
51
51
53
46
50
51
46
49
51
442
389
365
325
308
307
290
278
273
265
263
253
271
66
280
233
321
51
67
74
484
431
390
356
321
297
288
274
270
278
0
298
102
58
285
44
58
51
82
49
113
57
48
45
53
48
150
49
52
50
50
49
49
46
51
50
54
51
52
48
49
50
47
48
50
54
51
52
52
43
52
50
52
51
49
46
50
46
52
51
50
52
49
49
50
46
52
46
48
52
45
51
49
47
52
55
51
50
49
51
48
51
48
50
51
43
50
52
51
49
48
49
49
49
53
51
52
50
51
60
50
45
47
50
45
50
50
47
51
49
50
50
50
50
48
50
50
53
49
56
50
52
48
50
48
46
51
49
50
48
50
49
49
49
49
49
49
50
46
62
50
51
48
51
51
48
48
50
50
50
49
48
49
50
51
48
48
50
53
57
49
43
51
53
49
48
47
49
51
51
46
48
55
49
50
44
52
51
48
51
52
440
384
292
360
313
284
335
267
259
227
269
259
275
120
57
151
190
51
46
366
483
417
374
352
299
307
249
280
270
185
276
53
243
169
294
54
53
281
49
118
64
52
51
58
45
104
52
51
50
51
50
50
52
45
51
50
49
51
48
49
50
46
52
49
50
48
51
48
49
52
53
50
48
48
52
48
51
49
51
50
49
46
48
51
45
52
48
49
48
51
46
49
49
53
53
425
374
334
318
319
305
289
338
280
277
304
315
240
150
51
98
122
50
48
120
470
386
348
342
317
291
266
278
256
189
186
52
89
84
45
46
53
56
390
56
51
50
58
57
48
59
50
139
416
48
49
51
49
48
47
49
50
56
50
49
51
50
50
50
50
49
49
54
53
52
51
48
50
49
50
51
52
49
50
52
52
50
51
50
50
50
41
48
51
48
49
46
49
50
52
51
49
50
48
48
51
50
51
48
50
48
49
54
46
50
49
50
48
51
50
52
445
392
353
302
333
308
275
213
254
282
250
267
132
223
314
75
257
334
56
54
473
407
360
349
318
284
289
233
279
266
249
270
59
46
54
51
171
113
54
48
69
51
52
56
52
56
52
52
51
44
51
51
50
46
51
47
52
49
50
51
51
51
46
50
52
48
50
51
49
49
48
50
49
52
51
45
44
441
377
354
325
288
298
301
269
149
267
284
222
272
204
283
149
65
117
53
51
486
411
384
361
305
308
302
290
297
84
63
346
232
271
318
378
56
48
75
57
168
51
52
98
57
51
45
50
53
46
51
49
44
43
50
45
51
48
50
50
53
51
45
46
48
49
52
49
429
387
378
334
305
299
289
341
258
267
268
68
274
325
352
270
198
50
48
59
462
427
348
345
316
307
276
282
267
86
250
120
112
77
50
82
52
53
384
56
54
47
51
50
100
51
52
99
51
47
51
51
51
48
52
47
59
48
48
52
50
49
51
50
51
52
51
51
52
49
53
51
51
47
52
48
51
54
54
50
50
48
52
52
50
52
53
50
48
52
45
52
50
49
53
50
52
52
51
46
48
48
49
52
47
49
51
48
48
398
337
352
317
306
329
267
280
284
268
269
270
48
251
75
363
77
51
150
130
426
378
341
329
321
285
296
280
266
256
277
52
59
259
119
155
43
53
48
112
57
49
50
51
84
50
49
50
50
52
42
48
47
48
49
48
50
50
50
48
52
50
46
47
50
46
50
49
50
51
51
51
384
359
329
354
316
267
288
309
104
274
142
276
283
298
312
50
160
53
50
385
421
374
310
315
258
160
187
270
246
260
242
194
112
201
161
64
49
95
46
51
51
53
54
427
102
52
50
54
51
50
50
54
51
52
51
49
51
52
50
44
54
50
50
50
48
53
49
49
42
52
51
50
49
52
52
48
51
52
50
48
51
54
45
47
51
49
53
49
51
50
42
49
52
49
53
52
51
46
52
47
42
50
51
47
381
354
365
309
296
293
283
221
303
304
256
260
236
73
49
145
50
53
121
0
444
371
363
337
286
269
176
208
289
290
274
258
291
52
72
424
194
79
50
101
54
51
123
56
49
46
51
430
54
49
52
48
51
50
49
48
50
50
46
49
46
50
50
51
50
46
52
52
50
49
45
48
49
50
384
358
257
315
331
278
292
282
273
266
252
134
240
228
226
49
57
51
114
397
436
356
370
345
302
222
102
300
299
64
252
97
61
80
54
511
165
50
51
54
46
49
46
166
53
51
49
51
49
51
50
48
44
45
46
50
48
47
49
44
50
51
52
49
49
51
52
49
51
51
51
54
49
54
51
52
50
48
50
49
49
50
50
46
48
52
50
46
46
52
49
50
47
49
51
49
51
50
49
49
48
48
51
51
52
400
358
332
287
183
297
269
261
321
230
286
178
58
231
74
206
14
54
164
69
445
398
340
323
281
277
265
91
284
281
274
286
253
0
222
51
51
202
52
51
120
52
172
54
50
142
48
50
50
50
46
51
50
35
48
50
49
51
52
48
51
46
52
52
51
50
49
47
47
49
51
48
50
49
50
50
45
395
356
336
328
328
290
274
289
254
266
282
232
19
249
136
197
147
60
49
202
437
396
334
328
258
251
282
259
197
288
262
280
240
117
59
63
51
89
59
53
230
52
155
59
53
104
51
48
94
51
52
57
52
49
46
50
49
51
51
50
51
51
48
49
51
45
52
51
45
51
50
49
48
51
50
51
50
52
54
398
365
326
324
331
288
283
276
251
265
190
253
0
240
219
30
50
52
59
49
439
370
372
328
304
289
255
277
245
46
267
286
91
230
56
48
104
50
126
450
48
108
52
51
56
54
52
418
46
52
45
52
52
49
53
52
51
46
48
51
49
46
51
52
51
52
52
52
49
52
51
56
51
49
51
46
52
52
51
52
46
395
341
356
308
298
297
96
258
317
240
265
207
283
252
123
220
80
53
53
92
429
388
346
333
299
283
199
209
266
283
277
197
133
68
49
126
50
107
154
52
0
52
244
51
49
46
49
51
50
49
49
48
52
50
49
52
53
45
49
50
50
48
50
49
101
56
51
49
49
50
52
396
344
332
341
293
297
265
288
277
255
248
268
130
275
58
195
162
52
51
91
449
408
345
344
322
308
111
230
273
300
53
240
267
42
83
91
51
221
62
53
184
50
54
66
49
48
53
49
45
49
48
49
52
49
49
49
50
53
50
53
51
49
51
51
49
51
51
49
50
49
52
46
48
52
51
50
51
50
49
45
51
52
51
50
51
51
51
47
50
50
52
51
51
49
52
49
49
51
50
45
50
49
51
48
52
52
48
49
51
50
45
51
50
45
51
60
50
50
51
49
53
52
52
52
50
52
52
51
51
51
51
49
52
50
54
55
53
49
49
49
53
51
48
49
50
52
46
48
52
52
52
51
48
52
51
59
51
49
51
51
54
50
51
51
50
49
51
48
53
51
50
51
49
51
52
61
49
54
52
46
44
51
52
48
53
51
50
51
46
51
50
50
48
56
52
57
50
47
51
51
51
331
362
334
335
226
291
269
291
307
248
285
208
11
251
49
69
60
49
192
274
448
351
345
354
319
307
69
292
235
258
220
130
60
114
63
98
49
164
51
91
58
52
100
57
51
69
51
52
53
51
50
52
52
46
51
49
51
52
51
52
48
50
46
52
46
51
51
51
50
51
48
45
51
49
53
50
50
51
394
340
332
352
75
288
284
272
312
306
284
179
94
264
89
59
150
84
56
382
434
393
354
321
298
291
53
281
289
203
268
54
67
84
112
104
57
51
145
56
46
51
48
97
53
49
70
259
49
51
46
50
52
52
49
49
50
57
49
45
51
50
47
50
48
49
44
51
49
50
48
50
403
362
308
351
293
284
289
257
255
226
256
99
261
229
102
267
60
133
52
163
449
404
357
339
326
308
266
268
84
283
258
297
273
33
49
204
51
99
155
404
43
114
49
50
49
51
46
50
50
49
50
45
50
51
48
50
47
51
48
49
48
51
49
49
49
43
49
49
51
51
50
50
51
52
49
50
368
364
338
360
219
298
255
275
260
281
246
58
219
251
296
245
53
150
63
54
448
376
340
305
322
313
192
292
285
125
237
84
48
293
63
325
116
60
51
66
48
91
45
408
91
50
51
50
51
49
50
44
48
54
50
48
50
48
51
51
48
51
51
50
48
50
52
51
48
51
49
49
50
50
47
49
48
47
50
48
49
52
52
45
52
46
51
51
47
52
50
45
50
50
48
51
50
51
45
41
52
50
48
50
51
46
50
51
51
48
52
51
50
48
50
60
52
52
49
51
51
51
50
49
48
51
48
50
46
51
51
50
46
46
51
57
51
49
51
50
51
53
52
48
42
50
49
52
51
49
51
47
52
52
50
58
50
50
51
52
46
38
52
50
46
50
50
50
56
50
50
50
51
51
48
59
47
51
50
49
49
49
55
52
47
50
50
50
44
51
52
49
51
51
52
63
52
46
49
52
50
384
364
339
312
297
268
296
271
219
278
259
64
221
104
53
289
56
45
467
52
436
363
354
317
257
310
183
242
291
105
245
111
50
199
48
340
178
93
46
49
50
50
72
52
52
50
52
86
47
46
45
46
50
49
51
53
46
50
50
51
49
42
52
50
51
48
50
50
51
49
47
48
46
48
49
51
50
46
50
53
51
50
48
49
52
52
45
50
49
49
50
49
52
51
48
51
46
44
46
52
45
51
49
48
49
51
50
50
50
52
49
49
49
48
51
48
58
51
45
44
50
51
50
49
49
48
53
50
49
49
46
52
49
50
51
50
58
50
49
54
50
51
51
44
46
51
49
52
50
49
50
50
49
45
50
48
57
48
53
47
50
48
50
50
46
50
48
44
52
44
49
50
51
46
49
52
56
52
50
51
49
48
51
50
44
50
46
50
54
51
52
52
52
52
49
48
45
51
48
49
51
402
344
337
306
326
302
320
272
263
251
259
111
237
192
236
76
54
56
80
52
447
389
347
273
281
294
272
93
222
293
268
94
193
83
58
189
51
53
192
53
108
61
51
90
56
51
66
52
51
49
46
50
48
52
50
48
51
51
51
49
51
51
52
52
48
52
54
50
50
48
50
51
49
52
52
51
51
50
46
53
53
49
51
51
52
52
50
51
49
53
51
51
48
53
51
49
48
50
53
47
52
49
53
49
51
48
52
53
50
48
52
52
50
53
46
57
50
49
48
50
49
50
51
51
49
51
49
52
50
51
51
54
51
49
52
51
51
51
48
45
51
49
50
50
51
49
57
45
50
52
49
49
51
51
49
57
52
49
51
52
52
51
48
49
42
50
51
49
51
51
48
49
51
49
48
60
49
49
47
50
53
50
48
50
49
54
51
50
50
48
51
45
48
51
48
59
48
50
50
49
49
403
292
325
312
300
287
284
285
269
257
265
44
222
80
53
113
57
53
89
57
449
371
347
334
297
284
114
60
254
270
189
280
75
52
157
49
51
83
397
352
62
53
50
54
48
89
52
49
50
48
48
52
49
48
46
49
49
48
49
54
48
50
49
50
48
49
48
49
45
51
48
52
45
51
50
46
46
48
48
48
43
51
47
50
46
58
46
44
51
49
49
51
48
50
50
46
44
52
50
51
52
49
48
49
52
38
49
51
49
46
51
46
49
47
46
48
56
42
49
49
43
48
52
51
50
44
48
51
43
49
48
48
46
49
47
50
56
50
44
45
49
45
52
50
49
48
46
50
49
46
53
50
45
48
46
45
56
51
46
50
51
44
50
50
51
45
46
47
48
51
50
53
49
49
51
48
57
50
49
49
47
49
48
48
51
43
51
50
44
48
51
48
49
41
50
49
51
49
50
56
47
404
337
334
308
275
290
280
284
266
267
261
204
50
229
240
45
51
50
56
50
431
395
325
332
312
278
260
272
276
242
240
51
141
313
405
54
57
153
56
50
51
54
52
52
51
52
51
45
50
52
48
45
52
50
49
50
56
51
52
50
49
48
48
48
48
52
50
51
47
53
50
51
52
45
50
48
53
52
49
50
47
49
50
52
51
50
48
52
45
49
49
50
50
51
52
51
51
52
49
49
51
49
52
48
51
46
50
52
50
49
50
49
48
50
50
50
59
51
53
51
49
52
49
51
49
52
49
52
51
50
51
50
50
52
50
49
58
51
53
51
46
52
52
52
49
53
49
52
51
48
51
48
48
49
44
51
59
48
50
49
46
50
51
51
50
49
50
50
52
48
51
50
49
50
48
45
58
50
50
50
46
50
49
50
50
49
51
50
49
47
54
48
50
50
48
48
49
50
48
46
50
403
365
294
321
289
275
290
284
247
258
258
244
105
126
299
90
51
169
60
49
418
386
291
298
323
309
72
294
268
63
272
96
51
296
120
49
193
57
48
118
49
52
113
50
52
58
411
171
58
52
50
48
50
51
51
50
51
53
48
50
52
51
46
53
48
51
52
51
43
50
49
49
48
51
49
49
49
52
45
52
48
52
52
52
48
51
51
52
51
52
49
50
51
45
51
51
52
46
51
49
54
49
52
51
49
51
52
50
51
52
52
52
51
51
53
52
59
45
51
52
46
52
50
53
50
49
51
52
49
48
54
53
49
52
50
48
60
52
51
50
51
50
51
49
53
49
55
48
48
53
51
49
52
49
56
51
60
48
51
51
44
49
49
52
49
51
45
51
51
51
50
50
52
52
52
49
61
52
49
46
53
53
49
51
51
53
50
51
48
52
52
52
46
53
52
50
50
46
51
49
49
368
393
329
339
139
330
277
304
245
254
270
128
242
278
274
46
92
52
52
59
434
395
331
328
314
274
296
246
259
50
290
52
162
244
49
146
74
47
192
53
49
89
49
50
57
51
48
51
49
442
50
46
118
48
49
49
48
45
49
50
50
47
50
49
46
48
51
51
44
49
53
49
46
49
48
50
48
52
49
46
48
46
44
38
49
47
49
50
49
49
46
47
47
48
52
49
45
50
48
49
49
50
44
44
48
52
51
51
51
50
43
49
50
56
51
57
49
46
57
51
48
51
51
53
50
50
50
51
48
47
51
49
51
44
51
48
50
49
50
46
52
49
49
46
50
52
50
49
49
51
51
49
48
43
50
50
50
48
49
47
50
49
50
49
51
49
52
52
46
50
46
50
51
49
51
51
50
52
45
54
48
50
46
48
50
50
48
48
50
49
51
48
51
50
48
50
46
50
51
50
51
410
388
333
277
52
320
89
284
316
244
301
352
186
148
291
97
77
45
52
131
421
396
360
313
258
263
51
273
246
262
274
66
246
48
53
51
45
145
268
80
50
85
64
47
52
49
49
101
52
50
51
53
46
51
51
52
51
51
47
49
45
47
48
44
50
51
49
54
53
51
51
50
50
51
43
51
45
47
49
48
50
52
48
51
49
48
49
52
49
51
49
49
49
48
50
49
51
50
48
50
51
53
43
48
48
51
49
48
51
48
50
50
47
51
48
50
59
50
50
49
46
47
46
51
52
51
48
52
51
51
49
48
46
49
51
50
58
52
52
51
50
50
50
51
49
52
44
51
49
52
53
52
49
49
51
51
58
43
50
52
48
49
49
50
50
51
52
49
50
52
50
51
52
50
45
53
57
50
44
53
47
52
46
53
50
50
50
50
52
49
50
51
48
51
50
50
50
50
49
50
50
409
348
329
304
292
311
290
260
283
285
50
157
163
50
176
76
210
53
54
54
413
392
357
317
239
342
320
293
75
276
289
56
282
140
52
52
64
58
242
51
53
96
54
161
48
51
51
51
49
46
49
45
53
51
52
53
52
45
47
51
52
48
42
51
51
52
50
49
49
51
54
51
50
50
49
49
48
52
46
50
51
50
52
50
49
48
50
49
48
51
50
49
46
50
46
50
51
51
51
48
52
46
49
50
49
50
50
51
46
49
65
54
49
49
56
418
344
345
314
297
297
282
275
306
209
154
84
132
75
50
84
50
117
51
54
445
390
357
303
290
278
86
229
280
276
136
192
143
51
78
54
238
62
301
144
52
51
70
52
51
64
51
110
51
49
50
50
51
48
49
50
51
51
51
51
45
51
52
51
51
49
50
51
49
51
48
42
51
50
49
50
51
51
52
49
50
50
51
51
47
50
49
52
45
52
49
50
49
49
51
51
48
53
47
54
47
50
42
50
50
52
50
49
49
51
48
49
50
51
48
51
58
50
52
51
45
50
48
52
50
49
51
46
45
50
51
52
51
46
51
48
58
49
50
50
53
49
49
50
46
49
49
46
46
51
49
52
49
48
49
49
56
50
48
46
49
50
49
48
49
49
49
50
50
47
49
49
45
49
49
49
58
50
50
33
48
52
51
52
49
48
50
50
45
51
46
50
48
51
48
51
49
50
50
51
51
398
357
347
305
298
321
301
284
298
222
52
54
52
64
63
189
131
48
96
178
442
406
358
322
290
291
51
243
192
289
67
264
211
53
83
128
47
122
89
45
135
48
52
78
46
49
65
49
48
49
51
51
51
49
41
49
44
54
47
51
48
50
52
44
48
51
49
54
45
49
53
46
425
362
331
309
301
322
305
264
257
268
14
110
57
74
51
201
182
50
195
75
445
387
334
328
314
250
291
294
274
210
243
71
262
98
50
48
124
62
266
137
58
46
98
53
46
50
53
50
48
50
45
51
49
50
64
50
48
51
49
52
48
48
49
49
47
48
48
47
51
50
46
50
50
51
51
51
64
51
51
48
53
410
356
333
315
265
286
276
281
267
266
67
205
236
53
57
186
50
55
112
57
441
347
344
322
280
285
229
92
186
288
80
265
155
61
48
48
54
52
438
53
50
58
54
124
52
51
158
53
52
50
49
52
52
50
50
51
51
51
51
53
51
48
49
53
49
50
56
52
49
48
50
51
47
49
49
52
51
50
52
50
51
52
49
51
48
52
49
50
49
49
50
49
45
52
50
50
50
50
49
50
49
52
50
51
49
51
49
51
51
46
51
50
48
46
49
46
58
50
50
50
45
52
51
46
48
45
50
49
53
51
46
44
49
50
48
50
59
50
52
50
50
50
49
52
52
50
43
51
51
51
50
49
45
49
50
49
52
50
51
51
49
50
47
48
49
50
51
51
47
53
50
49
50
50
49
51
54
51
50
54
48
56
50
32
51
50
51
52
50
49
49
50
50
52
46
49
49
51
50
48
51
414
340
330
312
285
272
287
272
268
100
66
178
186
59
50
151
51
49
138
54
454
372
341
329
312
312
266
192
173
280
253
251
131
51
93
52
50
94
52
47
206
56
48
95
50
53
90
54
50
52
49
51
49
52
51
51
48
48
51
51
50
53
48
44
49
50
50
50
56
50
49
52
48
50
50
50
49
48
44
51
49
415
344
336
298
296
325
294
249
319
140
59
172
64
52
202
54
151
53
52
104
439
373
309
305
292
272
54
234
271
271
198
261
255
54
50
336
50
55
49
53
48
100
53
57
69
50
48
83
50
52
53
51
52
52
46
52
51
50
51
50
51
49
52
51
50
51
50
52
50
51
46
53
51
49
45
53
46
48
52
49
50
49
52
48
45
49
50
45
51
52
49
51
49
51
51
50
48
46
51
46
50
413
362
329
345
342
273
276
261
285
180
269
152
341
57
75
264
80
194
75
53
443
321
353
301
293
290
264
219
264
271
257
265
218
132
121
115
54
51
61
46
51
54
48
69
51
52
131
46
310
51
49
51
52
51
55
51
48
52
50
49
50
51
46
52
53
51
54
51
50
52
52
52
50
51
53
52
50
50
48
50
49
51
52
53
48
51
50
44
48
52
51
49
51
46
51
47
49
46
50
52
51
45
50
52
49
48
51
52
411
348
335
314
302
337
279
249
181
265
275
152
50
193
150
141
50
48
155
49
443
365
341
314
299
299
272
264
268
266
254
148
104
50
115
54
49
66
218
52
104
52
144
48
47
49
49
52
64
47
49
48
51
50
51
57
49
46
47
46
49
48
44
50
50
52
51
50
50
52
52
49
51
406
356
328
306
261
256
264
254
278
195
246
125
242
53
290
184
50
47
52
50
446
382
351
296
300
308
259
270
268
49
132
264
50
254
101
52
80
67
52
96
56
51
120
54
46
50
54
52
45
48
45
47
51
48
50
52
50
52
46
51
426
45
51
47
49
51
51
49
52
50
50
50
52
51
49
46
51
53
53
48
51
49
49
51
50
50
50
52
42
46
52
50
50
51
51
52
51
50
51
50
49
51
49
52
53
51
48
54
52
414
358
333
314
294
326
256
256
281
132
171
138
53
60
49
52
50
57
98
66
445
390
348
324
308
277
261
177
75
283
197
265
51
206
53
50
53
58
140
145
54
46
111
52
46
144
52
51
101
52
50
52
54
52
50
50
53
49
52
50
46
50
51
47
49
48
51
49
50
51
48
52
50
50
49
51
51
51
48
51
46
46
52
44
49
50
50
52
52
51
51
41
46
51
50
53
51
49
47
50
48
49
45
51
46
50
51
48
49
50
56
49
49
52
48
56
48
50
48
45
51
51
46
51
50
50
48
50
50
51
49
24
52
48
50
59
46
52
43
50
48
46
49
50
51
51
48
47
49
48
48
48
50
45
51
59
49
49
47
50
50
52
50
46
49
49
50
52
44
50
49
49
51
44
49
53
49
50
52
47
48
50
49
51
48
50
51
50
49
48
52
47
50
51
50
59
50
51
50
46
49
426
351
344
312
298
303
306
268
281
130
209
89
252
203
221
90
47
46
49
113
416
400
361
300
300
276
281
240
259
58
269
74
57
115
48
108
69
60
235
173
49
50
194
54
46
86
51
50
47
50
42
61
45
132
50
52
50
49
52
49
49
54
48
51
46
46
50
48
52
51
51
50
52
51
413
348
334
312
294
325
305
275
256
254
60
161
59
51
82
181
52
154
58
71
229
384
350
308
307
306
268
278
253
263
260
102
48
111
82
57
45
96
338
97
67
49
92
51
51
48
49
54
87
49
50
49
48
51
50
51
50
48
51
51
50
51
51
51
49
49
51
46
50
46
50
50
48
51
51
52
49
50
50
49
47
50
50
412
354
325
308
301
292
273
261
305
233
36
53
52
88
46
166
59
50
98
60
451
381
353
320
266
284
294
121
250
275
236
282
222
49
46
172
52
52
160
54
43
76
48
55
72
45
46
51
45
51
51
57
48
46
51
48
49
49
49
35
51
50
46
42
48
47
320
60
50
49
50
49
44
51
51
50
50
49
45
50
52
50
49
46
50
48
52
47
49
49
50
49
49
50
46
50
49
51
50
44
50
50
51
53
48
50
50
49
49
49
46
49
51
49
54
57
49
50
49
50
48
51
54
51
48
51
51
49
48
49
50
49
50
50
56
59
49
48
45
49
51
52
46
49
46
50
50
52
49
52
51
51
50
46
50
62
51
46
50
46
51
49
48
50
46
50
51
49
51
53
50
49
50
50
51
55
49
53
48
49
50
47
49
50
52
51
53
50
52
50
49
48
46
51
51
52
47
52
52
52
49
411
334
324
312
290
269
283
269
252
137
232
144
300
50
140
45
52
49
74
51
445
381
335
349
280
278
298
280
260
73
69
50
267
50
48
487
50
81
466
50
49
110
48
51
88
52
52
49
51
50
47
49
50
46
49
50
50
48
51
49
50
48
54
50
50
44
46
50
48
49
45
49
51
48
50
48
49
51
44
53
46
47
49
49
51
49
46
50
54
51
46
50
50
49
50
52
49
50
50
48
50
52
47
50
48
49
46
50
50
49
52
51
410
356
328
307
300
286
279
296
283
248
248
114
36
228
267
416
52
52
73
46
436
349
333
326
321
293
273
268
264
161
249
251
68
136
78
56
52
147
51
90
65
52
49
46
38
153
49
51
50
50
48
51
44
48
46
49
51
52
49
46
48
51
50
50
48
49
49
51
50
46
48
50
50
48
51
50
51
51
52
51
50
46
51
49
50
49
45
51
46
47
50
48
53
45
46
50
48
54
51
48
47
48
50
49
52
50
51
50
49
52
52
50
53
50
47
61
49
53
51
46
50
51
52
51
49
51
48
50
51
47
51
51
51
52
47
58
50
51
49
51
48
52
49
51
50
47
51
52
48
52
52
49
50
49
48
58
51
48
50
50
45
50
48
48
51
45
50
50
51
50
47
48
52
50
48
54
49
49
52
49
51
50
51
48
50
52
51
52
51
56
50
45
52
52
50
56
49
48
50
52
50
412
355
326
315
300
282
85
268
259
254
254
250
142
277
116
52
86
58
266
108
437
395
318
282
262
281
280
277
64
261
271
158
168
89
92
131
50
53
208
54
49
125
54
50
48
51
50
49
53
51
49
49
44
51
49
50
49
45
46
49
52
50
51
49
52
50
50
49
51
51
50
51
49
49
51
48
53
51
47
49
50
50
52
56
50
51
49
51
53
53
49
49
56
52
49
45
49
48
51
52
45
398
304
330
353
288
326
289
97
264
200
281
257
275
336
280
64
50
50
36
56
450
384
352
347
330
297
259
260
275
50
178
20
52
151
53
84
50
51
51
149
53
51
66
53
51
53
43
51
52
52
45
52
50
51
51
50
50
54
51
46
51
53
50
52
51
48
48
49
381
361
334
298
298
289
276
125
198
202
265
230
291
290
246
219
162
52
53
48
434
384
355
309
297
270
294
285
260
281
257
75
166
243
51
47
85
47
49
78
54
50
65
47
48
50
50
50
49
48
51
50
51
50
44
49
47
44
50
50
45
50
51
45
49
48
50
49
51
48
49
51
49
51
50
51
50
51
48
43
51
50
50
51
50
51
51
47
52
50
49
50
50
49
50
52
48
46
50
45
51
49
46
330
360
282
296
297
233
292
258
257
228
259
263
154
265
161
186
52
51
290
43
438
365
361
333
294
275
293
290
262
70
275
266
60
99
46
44
44
76
273
112
50
49
101
51
52
48
50
51
50
52
49
51
50
49
50
51
51
51
49
51
51
51
52
49
51
53
47
51
48
54
51
46
48
51
50
50
50
50
52
52
51
51
46
52
49
49
53
50
51
52
50
49
52
51
50
49
53
52
51
52
52
49
48
53
51
52
55
48
51
51
51
51
418
340
349
315
283
280
284
66
258
223
265
274
294
283
284
185
173
51
65
53
440
387
333
326
309
302
277
236
267
241
195
209
46
59
52
258
49
156
67
53
49
100
54
53
54
50
51
49
50
50
50
47
50
51
51
50
56
48
50
49
369
50
51
50
50
47
52
50
50
52
51
49
51
53
56
52
49
50
48
47
53
51
52
50
55
51
48
52
45
48
51
49
49
50
51
50
49
53
52
52
52
49
52
48
50
51
50
51
50
44
48
51
52
51
52
59
53
45
44
50
56
49
50
51
49
51
48
51
49
49
51
53
49
48
49
60
50
52
49
49
51
51
48
52
50
52
51
45
50
49
53
50
47
50
49
59
51
48
46
51
51
50
50
52
50
46
50
50
48
51
51
49
45
50
49
58
52
48
51
48
50
54
47
45
50
50
50
49
51
52
51
50
51
50
50
59
51
53
49
47
51
419
357
331
303
255
284
279
92
309
96
262
249
313
297
237
240
74
50
80
59
442
388
334
326
306
283
284
297
275
205
290
52
52
162
50
97
78
51
48
83
53
48
56
48
49
49
47
51
45
51
44
41
50
52
48
49
49
45
48
43
46
51
50
56
49
43
49
50
48
51
52
49
46
48
48
49
46
49
51
45
51
53
50
49
48
52
52
44
44
45
44
45
52
52
49
48
410
362
363
348
336
261
275
273
276
56
290
96
55
51
69
52
76
85
53
195
429
408
371
347
275
294
269
287
283
51
259
409
154
237
119
50
88
69
58
46
50
51
96
49
47
93
50
51
50
51
48
51
52
46
50
54
44
51
50
50
50
50
51
49
49
49
50
44
51
48
49
50
46
50
50
47
50
50
50
51
46
49
49
48
52
53
50
52
50
48
49
51
410
350
328
345
293
330
279
216
284
224
273
153
236
313
168
84
120
88
69
50
441
364
354
314
290
278
291
274
229
255
259
146
84
53
74
68
51
92
46
46
97
53
48
98
52
50
52
53
50
48
47
52
49
50
51
50
53
48
41
50
46
51
49
51
46
49
51
49
49
49
50
51
48
51
49
46
48
46
49
49
46
51
51
46
50
51
53
49
51
50
45
52
47
52
52
52
51
46
51
48
51
51
48
51
49
50
49
50
51
51
51
53
51
51
46
51
51
45
51
48
51
49
51
52
51
52
48
52
50
45
50
51
50
51
50
50
60
52
52
49
49
52
48
49
52
47
52
50
51
52
51
52
51
52
51
46
58
52
49
51
49
52
51
52
50
50
49
52
52
51
48
46
50
50
50
49
58
51
49
51
46
52
50
49
52
48
51
49
52
48
52
51
50
52
48
52
50
51
54
45
48
404
369
340
309
300
278
274
325
245
249
117
168
163
284
49
50
52
62
84
51
448
412
365
351
317
289
278
274
267
269
246
290
76
133
304
51
52
86
449
54
94
57
53
52
50
51
52
53
49
52
49
49
48
51
47
48
51
52
48
52
49
52
49
50
50
50
51
50
46
51
49
51
51
52
50
52
47
50
49
51
47
52
49
49
49
52
51
52
48
51
50
50
53
48
49
50
51
50
49
49
50
51
388
358
322
334
294
326
280
243
280
69
272
174
249
286
296
52
51
68
278
49
449
390
356
305
297
305
243
258
289
67
237
95
224
148
51
61
53
204
86
59
49
67
53
51
61
50
48
49
49
43
50
49
44
49
49
47
51
51
46
51
54
50
51
51
51
51
53
52
52
50
51
51
50
50
45
50
52
49
51
44
50
46
50
50
50
51
47
51
50
46
52
50
51
50
49
49
51
49
52
52
48
50
50
50
52
52
51
53
50
51
52
50
51
49
53
52
48
50
52
52
50
53
50
49
45
51
52
53
52
49
51
51
49
51
48
54
50
52
48
53
50
53
51
52
52
50
50
49
50
53
49
49
51
51
52
58
52
50
53
52
51
51
51
50
48
52
50
52
52
53
52
52
53
49
50
58
45
52
53
51
47
50
52
46
51
50
53
49
56
56
53
60
53
52
52
61
45
52
46
49
51
408
362
328
307
238
281
182
266
262
254
264
242
182
292
50
78
56
50
85
52
449
376
342
342
313
298
261
266
278
251
284
51
74
52
77
80
50
115
91
51
130
75
51
52
49
51
49
51
48
52
50
50
52
50
51
52
51
51
48
47
51
51
48
51
46
51
50
50
51
50
54
50
50
50
50
45
51
52
51
50
51
50
50
53
48
51
49
48
50
48
52
50
50
52
48
52
51
53
46
49
56
54
49
45
49
51
49
51
402
373
331
320
348
321
213
56
295
264
261
259
256
288
244
53
101
52
50
117
427
392
354
326
331
311
262
233
275
54
270
213
51
51
131
49
51
83
53
53
117
53
50
94
50
49
50
52
49
48
50
52
45
49
52
48
50
48
43
50
50
48
50
50
50
51
46
48
50
52
46
54
52
50
49
52
51
46
50
52
49
49
49
45
51
51
49
51
50
44
49
46
48
51
53
51
47
50
51
47
52
51
46
48
50
51
49
47
49
54
51
51
48
50
45
49
57
49
50
50
51
49
47
50
51
52
51
49
43
49
50
51
51
49
52
51
57
50
49
50
51
48
46
53
49
50
49
51
51
48
50
49
51
46
49
46
57
49
50
51
50
49
52
50
47
51
49
50
45
52
53
50
48
49
47
49
56
51
51
55
51
51
50
48
50
46
50
51
52
50
50
54
51
51
53
50
50
50
45
49
50
404
366
332
318
302
314
280
308
298
217
148
59
274
206
36
51
147
57
347
49
436
399
361
323
307
253
283
279
259
49
261
80
239
127
49
46
113
54
120
145
52
51
94
51
49
50
50
49
51
50
45
50
52
48
49
49
48
50
50
49
51
44
47
49
51
48
51
47
45
50
48
51
48
49
46
52
50
46
50
51
52
45
46
52
44
51
51
47
45
49
52
50
49
51
51
52
48
51
52
50
48
50
50
56
50
49
51
48
52
44
48
49
52
50
52
57
50
48
51
48
51
50
52
49
51
52
49
55
50
50
51
49
52
43
52
54
51
48
47
52
49
42
48
51
51
54
48
45
45
53
49
51
48
50
51
56
50
50
51
50
48
52
45
49
47
51
50
49
51
51
51
48
52
51
51
58
52
51
50
53
49
51
53
53
50
52
47
50
52
49
52
50
51
51
52
59
50
48
48
48
51
382
370
341
302
316
278
318
276
289
149
267
268
162
84
38
252
45
241
53
51
397
395
372
272
310
283
165
253
283
54
220
278
113
51
83
53
49
87
70
51
114
52
50
97
55
50
48
50
49
49
49
50
49
48
50
50
49
47
47
53
50
48
50
50
51
50
51
45
53
48
50
49
53
51
49
50
51
51
45
50
48
50
51
58
43
49
46
46
49
47
50
48
47
52
50
48
46
428
379
330
329
260
284
277
303
288
262
240
206
310
116
54
52
153
50
163
114
444
409
321
326
330
251
221
274
250
246
196
83
264
172
73
54
45
86
60
111
56
54
52
60
49
53
53
51
50
47
50
51
54
52
53
51
50
54
46
50
49
48
51
52
49
52
50
47
51
52
49
50
52
51
50
50
50
50
45
47
49
50
52
58
50
53
51
51
51
51
51
48
49
52
52
51
50
50
49
50
48
52
49
50
51
50
49
49
51
50
50
50
46
50
48
51
57
50
46
53
51
50
53
48
52
51
44
48
51
51
52
51
48
49
46
52
57
52
51
52
48
49
49
45
49
52
52
44
49
52
49
51
43
54
45
50
59
50
47
48
50
50
51
51
49
47
49
49
49
51
49
46
50
50
47
50
59
52
48
48
50
51
49
50
49
51
50
44
50
48
47
50
49
48
46
48
48
49
48
47
50
410
398
314
309
290
251
273
305
289
228
226
123
51
212
149
50
196
48
189
122
440
396
347
342
292
276
244
291
251
250
233
50
225
106
51
49
78
51
243
60
43
86
50
48
184
53
51
45
51
51
50
50
48
51
49
52
49
50
49
51
46
51
52
48
51
51
54
52
43
46
51
49
47
51
51
50
49
53
53
47
51
50
50
45
52
45
51
47
49
51
51
50
48
52
49
52
49
49
50
49
49
50
49
46
46
49
380
304
320
333
314
282
268
255
240
250
249
196
101
243
215
312
54
53
304
48
441
411
332
358
269
288
284
277
272
64
259
226
246
50
46
60
57
49
46
52
45
56
54
108
54
49
50
49
51
49
44
49
50
47
49
52
46
51
49
48
48
50
48
52
48
52
50
46
49
51
48
51
49
45
48
50
48
48
51
51
47
50
52
42
50
50
52
52
46
50
45
53
44
52
51
50
51
43
56
447
363
348
326
306
286
267
256
249
178
228
252
61
180
227
66
105
60
52
145
446
401
374
328
308
257
281
254
258
228
276
283
118
221
68
51
44
60
387
45
58
52
98
52
51
50
50
45
51
49
51
49
45
52
48
48
50
53
50
50
50
51
51
51
49
50
45
52
53
52
47
50
46
394
376
331
305
298
296
280
276
254
270
64
102
51
183
50
115
275
44
54
70
446
408
363
343
305
308
251
258
256
242
65
266
216
113
149
140
51
126
303
50
49
53
45
49
46
51
46
50
49
52
51
49
50
51
50
49
51
51
49
46
52
51
46
50
51
46
50
49
44
45
49
49
47
53
48
50
50
48
410
376
331
317
291
285
245
238
307
243
213
214
48
212
105
48
174
48
51
47
447
402
378
321
327
273
257
266
227
60
137
56
266
180
54
47
51
53
173
52
49
68
51
48
65
51
46
45
56
48
49
50
44
49
52
50
50
51
48
51
49
48
49
46
51
51
48
49
50
54
48
51
419
308
334
316
285
331
270
267
274
224
244
102
28
72
53
223
53
101
293
48
452
390
348
331
318
303
282
266
254
211
143
191
67
84
51
51
48
50
49
67
49
193
58
44
47
60
48
50
50
49
46
51
50
48
49
46
49
49
49
51
46
50
48
49
49
50
50
46
50
47
47
50
51
48
51
48
45
49
50
51
48
44
51
50
49
48
50
46
44
51
48
48
49
50
51
51
51
54
51
48
53
50
51
50
48
52
50
52
51
48
51
48
425
361
281
324
302
330
281
287
252
251
262
170
237
286
283
155
76
52
51
58
445
387
354
331
323
306
275
271
277
47
246
53
280
104
48
51
64
72
117
54
49
43
48
48
50
52
51
47
53
48
52
52
51
52
50
48
52
53
52
52
50
51
53
51
53
51
50
51
56
49
50
45
52
51
50
415
372
284
320
306
264
285
334
267
257
260
120
228
296
278
256
131
51
49
59
444
399
360
326
330
267
267
265
251
91
112
48
253
70
54
236
52
51
328
49
52
78
52
51
57
49
49
49
48
50
50
45
50
49
50
50
50
36
50
49
50
49
45
50
45
48
52
49
47
50
49
51
46
50
50
49
45
49
48
49
46
52
49
49
48
49
49
48
47
49
52
48
48
50
50
52
51
49
381
408
352
325
320
280
275
258
258
203
129
34
108
150
158
59
110
149
64
49
414
382
357
314
301
298
284
284
251
213
185
284
49
53
13
52
48
80
73
53
139
52
51
88
49
52
51
49
51
52
50
51
51
51
52
46
48
49
52
50
50
49
46
50
50
51
50
49
45
51
52
373
310
357
354
349
288
305
266
265
274
171
198
139
253
105
157
166
64
59
53
430
400
373
332
329
298
257
267
237
53
275
60
200
97
51
48
54
64
50
47
66
52
140
48
51
50
46
53
49
48
49
52
50
51
52
45
48
49
48
49
49
52
48
50
51
51
53
54
49
49
48
48
45
49
51
52
49
50
48
48
50
52
48
50
49
49
45
49
50
421
390
333
304
299
279
234
267
261
244
197
117
48
130
43
104
43
60
134
85
437
408
356
349
305
300
276
271
287
145
248
100
182
68
52
80
72
124
216
49
51
55
47
49
54
48
47
49
48
48
50
46
49
49
46
49
51
48
46
51
45
48
48
50
48
49
44
46
51
50
47
53
48
414
385
336
323
315
300
281
271
259
249
109
174
51
174
66
211
445
69
102
162
448
402
366
332
304
282
269
243
274
50
257
228
172
99
51
51
53
51
106
64
52
106
54
51
98
51
46
56
46
51
51
50
51
51
48
51
52
52
53
51
50
51
53
48
48
49
52
45
48
52
48
52
45
46
50
49
52
46
49
50
50
50
51
52
52
49
52
46
50
52
48
52
52
49
51
50
51
54
49
51
53
50
50
49
51
52
52
48
49
46
49
426
396
286
310
298
248
238
260
252
250
169
141
52
161
38
58
48
80
50
52
461
402
353
350
301
297
270
266
272
52
245
53
193
63
51
136
60
160
304
52
52
105
51
51
50
53
51
48
49
50
50
44
48
50
52
49
45
45
51
46
50
51
51
51
48
52
51
43
50
52
52
46
50
52
50
49
43
52
51
50
48
49
52
51
50
50
50
53
51
46
50
52
44
46
49
52
48
48
52
52
385
371
344
325
281
281
264
271
267
253
211
160
49
117
61
138
95
47
50
176
445
404
356
324
293
309
272
260
255
61
51
134
213
51
171
54
54
141
84
50
129
57
48
46
45
51
48
49
49
50
50
49
49
47
46
51
51
51
50
50
49
52
52
49
48
46
52
49
50
50
48
421
397
347
357
353
275
300
265
252
283
213
57
124
136
219
173
74
51
368
56
448
402
369
325
316
306
274
245
242
234
274
286
182
144
101
51
52
50
53
62
50
49
65
52
48
58
50
51
49
49
49
52
49
50
49
53
51
50
46
52
50
48
50
51
52
48
51
50
50
417
396
339
315
297
292
278
313
256
261
180
85
59
200
129
58
50
50
51
73
442
411
371
340
302
286
275
253
230
262
201
269
137
95
83
51
52
50
76
100
50
50
104
51
51
101
52
50
49
51
47
50
48
52
45
51
51
49
50
48
50
49
52
51
51
51
50
45
51
52
48
51
50
51
50
49
51
49
51
51
50
53
50
52
49
52
49
45
53
51
48
49
46
45
53
51
418
406
344
324
298
289
284
282
261
310
241
78
49
116
70
56
66
102
56
120
379
405
318
358
303
308
260
257
250
141
53
53
238
249
106
55
53
137
331
56
48
89
53
47
145
51
52
52
48
51
52
50
46
51
51
51
180
58
52
49
51
50
45
51
48
52
48
53
50
51
52
50
49
48
49
47
49
48
51
48
48
49
51
45
51
43
53
51
50
45
50
50
50
50
52
50
50
56
52
52
46
49
48
50
46
48
46
410
371
328
322
305
279
255
270
254
262
109
131
53
240
88
206
203
100
49
56
425
409
358
304
314
298
256
257
221
194
188
70
92
51
60
75
54
166
79
50
97
54
51
54
53
44
93
52
52
51
50
52
51
52
52
52
51
53
50
42
50
52
47
52
52
50
50
49
50
45
50
51
421
396
282
318
308
300
330
262
245
267
201
128
53
129
81
56
0
57
51
106
432
397
348
333
322
297
263
230
272
145
269
213
59
138
45
50
44
60
51
47
90
53
46
73
50
52
68
51
49
50
44
46
48
49
45
49
48
46
50
46
51
50
49
46
44
51
49
48
48
48
52
51
402
371
353
345
304
284
272
246
254
267
239
275
176
66
54
256
46
46
45
59
443
414
331
353
322
283
288
286
251
220
69
52
258
113
60
88
56
51
43
41
56
88
49
52
66
45
50
48
51
51
49
46
51
49
49
51
50
51
49
51
53
52
50
52
42
46
49
52
48
51
51
54
53
46
50
52
51
49
49
51
50
49
50
50
49
52
50
52
48
48
49
48
52
49
49
45
49
51
48
52
52
50
51
54
53
51
52
43
50
51
52
410
381
345
329
308
282
284
277
259
305
231
258
46
120
69
53
140
50
52
67
438
396
352
317
277
289
278
265
235
186
194
157
65
108
68
48
51
138
61
49
54
51
51
47
54
53
47
48
48
51
48
51
52
49
47
48
49
50
49
51
49
50
45
45
51
50
51
52
50
51
50
50
54
52
48
50
50
48
52
50
53
53
51
50
52
45
49
51
52
50
54
52
49
52
50
49
50
51
51
50
52
53
51
53
49
49
52
45
50
48
44
373
399
325
310
298
326
274
262
255
250
125
226
78
107
58
56
0
58
128
160
430
397
374
330
315
269
261
278
224
237
47
73
207
170
132
49
50
136
57
51
53
54
49
74
51
49
64
47
48
52
52
50
49
49
50
48
48
50
44
50
51
50
46
50
49
50
49
50
48
49
51
52
50
50
51
48
51
49
49
53
52
50
49
49
52
50
50
46
55
50
50
50
51
48
50
50
50
50
53
51
424
393
321
314
302
321
261
264
253
266
176
205
133
96
53
51
69
60
137
83
449
400
356
327
297
289
256
270
269
51
267
72
238
225
49
51
62
53
89
64
53
49
56
52
257
56
46
48
51
49
51
46
49
51
51
52
49
52
45
50
48
51
45
47
42
41
48
48
50
57
50
50
45
53
38
45
50
49
47
49
52
53
48
44
51
51
46
54
52
45
49
47
49
47
49
48
48
48
46
50
49
54
47
51
50
48
47
52
51
50
48
50
49
50
46
50
60
46
46
49
51
53
50
50
49
49
49
48
49
45
47
52
51
51
51
50
58
50
48
49
48
52
52
50
46
51
51
48
50
50
46
51
50
50
50
50
59
49
47
51
45
48
51
49
50
51
50
46
42
46
48
48
48
48
49
48
58
45
48
48
50
50
51
49
49
52
49
45
57
48
49
49
44
52
49
52
52
45
49
49
51
385
392
337
307
295
256
186
270
260
251
93
180
61
132
62
52
68
83
241
156
440
400
349
350
290
273
275
248
280
51
267
52
120
262
62
49
54
58
416
60
51
49
58
53
51
107
49
83
52
50
52
52
51
45
49
45
53
50
49
54
50
46
49
50
49
51
51
52
49
50
429
384
328
299
297
333
220
259
253
258
211
222
56
61
222
115
62
108
62
51
456
411
364
295
306
297
249
182
251
267
220
220
59
116
234
58
52
132
414
51
153
53
51
50
52
49
46
50
49
49
51
49
47
49
50
51
48
48
49
50
50
49
50
50
48
46
45
52
52
51
48
47
53
48
51
52
46
50
46
50
49
50
50
48
49
51
50
50
51
48
49
48
53
49
48
45
50
49
50
49
47
54
52
49
48
51
51
51
52
48
52
50
51
51
51
50
55
51
45
53
51
50
51
50
51
48
52
51
45
51
46
50
51
51
51
51
53
50
50
43
49
49
51
47
45
50
50
50
50
50
46
51
52
50
45
52
58
51
50
50
48
50
45
51
49
50
51
49
52
48
46
48
51
49
51
48
59
49
49
48
46
50
48
50
51
52
51
51
49
50
49
49
50
48
50
48
51
48
48
54
48
428
368
334
325
323
291
245
288
259
264
255
254
74
172
49
49
121
88
54
101
424
413
355
314
317
285
86
260
268
218
118
267
75
102
104
46
52
105
457
52
56
45
99
52
51
134
51
50
51
51
50
50
52
48
49
48
50
52
50
50
51
51
45
49
52
50
51
48
51
45
51
51
49
57
57
49
421
386
325
328
315
286
278
277
253
261
51
213
106
198
60
52
54
68
145
88
441
397
377
324
321
287
277
267
252
235
204
158
144
84
123
52
52
62
470
51
53
52
52
58
50
50
53
53
49
54
51
51
51
46
50
47
51
51
52
51
49
45
50
50
51
50
49
51
52
46
51
50
46
50
51
51
49
50
47
52
49
53
48
53
46
51
56
51
51
45
53
49
50
50
51
50
51
50
50
52
50
52
49
53
49
51
49
48
51
48
52
54
49
52
49
58
52
50
45
52
50
50
49
50
48
51
49
48
48
49
43
50
51
47
50
57
51
48
53
48
51
51
50
50
49
48
52
49
47
52
46
52
50
48
49
58
51
48
51
50
49
46
51
43
49
51
49
48
49
48
49
51
50
48
51
56
49
46
50
50
49
51
49
49
51
50
50
48
52
53
49
45
50
45
49
58
49
51
51
50
52
413
360
354
305
268
296
282
273
260
219
252
96
50
174
62
58
202
60
52
99
446
401
364
342
308
296
256
263
269
244
211
261
51
51
267
57
81
62
48
52
54
52
94
54
50
50
49
50
53
51
52
49
59
51
45
51
51
47
56
49
51
51
49
53
51
52
50
52
49
50
51
48
51
49
51
48
56
46
49
53
51
51
49
49
53
414
392
334
314
307
284
280
257
264
211
135
3
252
278
233
109
49
62
50
146
461
398
358
347
316
281
289
273
266
155
58
80
121
57
155
85
49
94
302
50
49
59
49
51
62
49
49
51
50
47
50
48
45
50
48
52
48
46
49
49
46
50
47
50
48
49
42
45
56
417
369
317
322
322
276
315
268
270
261
257
58
73
138
56
150
66
50
271
55
458
408
355
325
301
283
295
285
255
156
221
55
177
81
53
94
48
51
200
57
55
86
55
49
48
50
50
52
46
49
48
47
46
49
54
53
48
51
50
45
48
46
50
46
49
50
51
49
48
49
49
50
49
50
50
49
44
45
48
51
52
43
51
50
48
49
47
49
46
51
50
48
50
46
49
51
47
48
45
46
48
52
49
48
50
48
47
50
46
48
51
51
50
51
49
57
51
52
50
51
50
50
51
51
50
50
48
46
48
50
50
50
50
49
50
57
48
46
51
52
48
51
50
51
45
45
50
48
49
43
40
46
49
50
51
59
51
50
46
50
50
46
50
45
43
51
50
50
51
52
50
49
44
53
49
60
51
48
49
50
50
50
47
49
43
52
52
51
49
51
52
50
49
50
57
59
52
50
50
50
56
426
378
340
321
316
288
325
268
260
271
53
108
57
154
54
52
136
56
105
88
448
416
338
356
315
249
275
287
256
202
205
45
82
203
61
50
51
67
52
126
54
54
77
50
52
47
51
53
48
51
52
51
45
50
46
50
44
48
51
54
46
51
48
51
52
50
51
52
51
51
49
51
52
91
54
52
50
50
52
49
45
51
50
49
51
51
50
49
50
50
50
48
45
50
51
48
49
51
44
51
49
51
52
48
43
51
50
45
49
416
380
342
328
307
294
278
276
235
249
52
105
260
50
52
44
205
61
53
133
449
420
360
337
313
246
283
283
273
205
289
62
123
54
50
48
48
54
357
94
53
49
67
53
47
50
49
50
50
53
51
48
49
48
53
48
50
49
49
48
52
50
45
49
50
50
49
52
50
51
50
425
374
369
324
304
344
323
272
243
268
154
225
53
224
73
53
57
93
53
51
434
412
370
321
325
277
289
261
267
269
54
254
154
214
44
58
145
186
83
54
104
53
52
89
53
46
128
51
51
52
49
45
44
51
48
49
49
49
49
48
51
50
48
49
49
49
50
46
49
56
49
49
46
51
49
49
46
52
48
49
46
49
50
48
49
51
48
50
49
50
49
50
51
49
51
49
49
50
51
50
49
51
49
50
46
52
58
50
51
53
425
381
373
332
310
308
277
281
275
291
54
294
153
52
0
61
497
457
382
356
333
292
280
278
51
274
116
64
105
27
50
120
170
51
45
76
48
53
52
49
50
52
46
52
50
52
52
51
48
53
54
56
51
51
51
49
49
51
50
50
50
51
51
52
50
49
46
52
48
52
54
46
45
52
54
52
51
51
52
51
49
52
50
46
48
51
50
51
48
50
51
48
49
49
51
50
50
51
51
50
50
49
50
48
51
47
44
50
49
49
50
45
48
50
50
47
57
48
52
48
47
51
50
49
48
49
53
51
51
53
47
49
51
52
48
51
54
49
50
50
49
50
46
51
48
49
49
49
49
51
49
50
51
50
48
50
59
48
47
50
50
49
51
49
48
52
49
51
55
50
47
50
50
46
50
49
58
50
51
54
51
48
51
46
49
51
46
50
50
51
50
45
54
50
46
50
