72
68
66
68
67
333
317
289
280
237
272
243
255
242
210
163
230
168
115
225
104
84
96
70
346
323
293
260
245
230
224
82
210
235
214
170
73
143
88
121
161
90
75
129
89
69
67
84
99
71
76
66
67
69
66
69
68
64
65
64
69
61
66
67
70
69
70
69
65
67
70
67
68
66
62
68
68
65
69
69
66
69
69
59
68
66
65
67
68
68
70
66
63
54
64
68
66
68
314
278
262
236
248
244
229
219
223
220
246
78
178
177
117
195
72
110
66
338
313
278
262
240
221
216
248
214
221
212
139
64
89
300
154
124
309
73
69
67
69
94
67
66
116
83
68
67
62
69
66
62
65
66
70
67
74
67
62
61
70
55
72
69
66
318
301
267
251
261
257
161
226
84
211
174
219
219
234
74
154
82
74
221
360
301
287
238
224
249
244
226
236
221
233
189
165
67
67
73
86
222
74
121
70
70
86
73
65
135
67
84
65
69
66
66
61
65
66
67
65
68
67
63
66
65
65
65
67
68
67
65
68
66
64
69
67
66
65
65
67
61
66
65
68
68
64
69
67
69
70
64
70
68
67
65
64
68
67
74
65
316
283
281
254
248
236
193
226
219
234
224
234
211
236
70
120
69
74
110
342
315
277
258
241
236
229
56
64
225
62
231
81
69
123
69
77
37
72
66
102
68
68
74
65
72
74
73
70
65
68
67
67
67
66
64
66
66
68
65
66
66
60
67
68
66
65
61
62
67
66
68
77
66
57
69
68
65
67
62
66
67
65
69
65
69
65
66
65
74
64
67
70
64
62
70
69
66
69
68
326
285
259
253
238
236
217
168
198
239
194
152
139
89
144
73
145
69
80
342
294
290
263
241
227
237
226
84
150
164
68
155
77
65
67
68
105
72
69
69
71
67
69
65
68
68
69
69
68
64
70
64
63
62
69
69
71
69
64
64
65
74
70
60
66
317
283
285
233
248
249
235
217
213
225
226
100
153
140
219
242
85
67
105
347
312
278
281
262
244
222
164
226
233
191
203
98
193
227
76
148
83
137
65
69
98
74
93
66
88
68
75
69
68
71
73
65
68
66
72
67
70
71
64
65
66
69
66
61
66
69
65
68
68
66
71
67
70
64
69
63
63
68
72
66
67
65
68
70
67
68
328
308
278
277
229
245
272
221
246
147
107
213
76
200
75
58
75
152
147
340
324
289
266
270
250
232
227
242
200
222
128
80
68
139
104
80
76
76
241
69
68
72
65
70
70
67
66
68
66
69
67
71
63
70
66
64
67
65
66
69
67
67
68
59
62
62
64
65
65
67
64
67
67
70
68
67
69
64
67
67
68
66
68
64
70
65
308
240
282
278
234
236
235
235
220
67
226
106
79
68
199
62
85
102
336
333
293
267
256
248
225
230
204
228
233
226
70
74
71
70
139
273
72
65
67
68
74
72
67
73
97
117
81
63
68
68
65
68
68
68
72
69
69
64
67
60
67
73
67
67
69
69
67
64
63
65
67
70
70
72
70
68
63
70
65
66
68
66
67
64
309
269
255
245
273
224
252
248
211
66
212
80
83
164
68
115
83
146
248
335
306
283
252
254
214
228
218
188
100
128
178
73
88
57
145
95
117
72
97
68
72
97
99
63
86
68
65
70
66
68
67
69
67
67
66
65
230
70
69
68
225
66
67
66
64
67
64
65
62
62
68
67
70
64
69
67
63
65
67
224
66
67
66
227
228
67
67
68
73
315
270
277
257
246
228
227
222
229
88
212
77
80
173
335
68
76
74
126
356
293
280
251
256
222
230
219
147
54
138
64
109
91
318
75
77
215
74
105
71
102
97
68
94
102
65
70
66
68
69
65
67
68
67
68
70
222
69
66
66
83
72
63
64
68
60
61
65
72
66
69
225
314
238
252
255
267
244
255
227
214
223
152
76
131
89
155
76
133
76
139
335
298
260
254
265
240
240
235
114
217
78
62
131
56
75
101
68
86
104
72
67
62
77
73
69
86
72
92
68
63
70
55
56
67
67
65
70
67
68
66
69
68
65
72
68
68
65
68
73
60
63
68
67
70
69
68
66
69
65
66
60
72
67
68
67
63
66
69
68
68
66
319
283
261
249
248
259
224
212
232
202
213
101
112
77
69
65
108
69
70
338
294
289
257
254
248
112
173
212
197
216
72
245
90
116
69
76
95
72
79
67
90
69
66
69
87
69
70
67
62
65
67
68
66
61
65
68
68
62
56
70
67
71
70
304
312
278
265
240
227
99
226
215
218
224
221
110
89
69
72
70
77
78
353
321
293
248
255
236
209
228
224
221
144
221
84
245
66
187
99
209
75
96
70
70
72
68
72
66
111
68
67
66
218
71
65
65
225
73
62
72
62
67
61
65
61
66
66
626
66
70
64
65
67
70
72
226
65
75
68
75
69
67
66
68
64
72
66
70
66
67
66
66
68
67
220
66
67
64
224
66
67
69
68
66
68
69
317
262
266
259
247
244
233
203
251
223
192
128
94
67
69
73
80
75
85
312
309
281
268
245
232
91
196
230
220
190
71
69
130
73
61
67
188
69
65
72
72
68
69
72
66
70
67
67
69
224
66
65
68
64
64
64
69
67
62
70
70
73
71
66
66
70
62
69
69
333
300
261
255
252
242
232
258
208
244
206
209
108
236
63
85
106
70
129
357
325
297
267
261
251
232
219
224
220
176
230
131
169
73
98
77
133
67
69
72
66
71
104
73
72
69
69
72
67
72
67
66
66
225
66
62
68
69
61
69
65
62
65
67
71
72
70
310
281
282
253
279
229
235
228
196
177
141
192
177
84
149
112
152
70
73
331
291
282
248
254
237
235
222
77
118
138
105
66
180
85
132
76
75
69
65
70
73
69
69
67
66
63
68
72
69
65
67
68
65
69
67
65
68
66
65
64
66
67
65
69
68
70
70
69
67
68
65
67
65
67
63
69
67
68
67
66
68
67
69
69
63
70
69
319
284
289
255
246
243
230
242
216
217
177
189
151
145
70
76
64
149
66
339
313
285
293
253
234
223
217
229
98
224
65
83
213
64
95
33
81
68
136
67
114
62
73
66
70
73
73
65
63
69
64
64
67
68
65
67
67
65
68
72
67
73
65
65
70
69
331
274
260
246
249
238
266
255
224
225
164
287
193
89
67
249
100
74
72
343
319
293
261
259
241
227
160
214
85
222
223
62
179
73
113
67
68
107
105
72
68
66
72
89
67
67
66
68
65
169
68
65
66
230
66
72
53
52
69
65
68
67
68
68
67
68
67
67
67
68
68
67
227
67
62
59
218
67
70
64
74
65
67
65
65
64
63
64
68
71
69
66
323
270
284
259
241
235
225
248
216
85
200
69
152
206
58
124
81
248
82
353
292
282
254
249
216
243
218
58
124
122
66
70
67
116
115
76
196
288
66
98
181
99
67
81
61
65
67
63
66
62
64
67
70
60
68
67
70
63
64
69
67
63
70
71
64
68
70
72
56
69
67
294
281
267
237
167
250
234
210
251
226
81
83
162
64
64
0
102
98
76
333
305
289
249
238
237
208
224
213
84
148
196
105
73
124
66
83
70
64
67
72
69
67
77
67
99
64
65
67
64
66
75
64
72
65
67
68
66
64
67
66
66
65
67
60
65
72
58
70
72
312
286
269
252
181
235
238
80
237
216
148
198
86
67
75
69
81
179
66
329
316
280
261
243
214
233
205
186
216
118
228
88
87
148
165
89
289
92
70
72
74
73
121
88
70
77
66
69
65
62
69
63
70
62
67
67
66
60
70
66
63
72
66
64
67
64
74
67
69
68
69
324
288
270
259
260
249
241
226
213
251
184
83
92
66
115
133
166
35
72
346
322
287
272
264
238
234
224
211
221
208
157
96
190
86
69
112
81
68
74
71
69
62
83
78
73
68
67
70
63
68
64
68
67
65
66
69
68
68
72
65
65
67
66
67
68
77
65
62
62
73
58
318
292
262
248
190
229
226
217
201
219
230
122
67
217
105
91
67
77
106
328
308
275
257
241
232
223
227
73
219
73
221
107
67
77
82
68
67
84
865
69
100
70
69
73
77
70
88
69
67
69
65
65
66
65
66
69
68
69
69
64
67
69
64
68
76
66
66
66
68
69
70
67
67
69
61
67
72
65
67
62
64
63
69
226
314
284
268
240
75
232
164
226
227
227
210
144
173
66
245
95
177
68
235
347
306
276
253
240
237
240
219
152
236
73
189
94
67
262
122
89
70
225
84
82
70
232
65
61
102
69
66
67
68
66
68
67
68
65
63
65
81
64
59
62
234
65
67
70
81
66
72
66
72
64
67
69
64
69
65
68
66
64
63
232
69
68
65
230
67
67
70
67
69
62
63
68
65
68
68
67
324
301
272
252
246
246
233
235
218
173
181
211
76
119
84
90
179
54
90
357
320
284
268
232
227
173
132
224
145
227
83
115
84
133
124
66
72
69
67
66
71
85
65
69
92
82
73
68
68
75
65
71
66
228
69
69
65
68
62
65
65
72
64
69
66
312
289
260
251
265
208
220
225
218
180
68
79
129
70
235
72
88
229
67
332
299
269
253
237
230
222
221
126
75
146
65
85
74
68
85
71
68
68
70
68
86
65
73
86
68
72
69
68
65
66
63
69
65
66
67
64
72
64
68
63
59
67
67
69
70
70
69
69
60
62
67
69
65
64
62
66
65
66
67
67
70
68
67
67
59
62
62
67
66
230
313
288
274
246
278
242
260
176
217
216
136
154
153
40
105
83
100
80
233
337
301
279
256
226
247
220
91
215
92
141
74
88
156
188
67
81
70
70
68
70
72
187
91
70
68
254
68
69
66
67
66
72
66
68
69
66
69
62
69
64
68
67
63
69
228
68
69
60
229
70
68
68
67
69
68
68
67
68
65
70
70
65
66
66
67
81
63
226
66
68
67
76
64
64
66
62
67
64
66
225
316
282
259
273
244
230
238
225
221
205
243
83
188
73
157
77
139
86
107
340
299
286
265
241
230
205
211
72
97
201
191
75
76
85
73
102
72
73
132
66
69
212
77
80
69
226
67
70
65
68
65
68
66
69
69
67
72
65
65
68
68
62
66
67
229
67
66
66
153
67
67
66
62
61
67
60
67
68
68
66
72
65
309
287
258
260
237
252
179
220
221
225
212
104
230
72
65
132
150
69
96
342
302
286
270
250
245
231
190
72
189
0
206
81
73
98
66
69
85
67
72
70
70
69
68
83
69
229
70
69
72
205
70
69
72
67
66
62
70
61
67
68
65
68
70
65
227
66
68
66
226
66
65
64
65
65
58
67
69
66
67
70
59
66
67
329
292
267
253
281
251
227
218
220
217
214
172
149
74
63
107
92
73
69
353
315
275
259
246
232
224
242
89
233
68
221
79
89
67
108
220
73
76
66
60
75
69
73
68
69
62
65
65
68
63
66
61
69
65
69
66
65
66
67
69
61
67
68
66
67
72
63
68
331
301
281
257
245
255
233
210
230
65
219
210
88
186
66
117
163
72
68
352
332
289
281
257
230
220
221
186
216
212
227
84
198
60
82
118
96
75
68
68
69
65
72
72
65
125
73
66
72
67
69
67
65
61
67
65
66
65
66
69
67
61
66
65
78
66
67
68
329
308
284
258
249
240
235
229
252
211
101
94
131
154
108
274
121
83
109
354
323
304
273
251
245
233
161
219
197
212
235
111
233
62
73
95
75
71
73
67
80
85
73
66
125
86
63
64
65
72
66
68
68
69
64
69
69
66
66
60
65
65
68
68
58
67
65
67
67
67
65
308
274
265
248
237
227
230
221
216
66
141
173
120
73
80
78
69
108
69
339
298
254
272
229
247
229
212
50
68
156
92
75
74
82
68
69
68
157
72
67
99
65
105
66
73
68
99
58
64
66
66
69
66
70
66
65
74
64
66
62
68
70
68
66
69
66
66
66
68
66
72
69
68
68
70
65
67
68
68
66
69
69
72
60
65
69
67
72
72
70
67
323
285
266
361
239
242
255
236
226
237
219
213
237
255
65
80
85
77
70
342
317
301
305
246
238
216
235
220
67
226
121
138
66
140
69
72
123
68
90
67
98
94
68
94
110
288
80
68
64
66
66
73
60
66
68
65
68
64
64
70
68
70
66
65
152
68
60
62
225
64
65
62
66
71
65
71
68
66
64
60
66
65
69
67
66
68
65
225
69
65
64
67
68
64
329
280
267
324
219
237
216
220
190
221
211
92
184
73
67
75
70
94
74
352
309
274
297
259
231
232
210
236
225
90
98
179
79
80
79
67
69
68
67
67
73
108
67
70
115
231
68
71
66
67
71
65
70
66
66
67
61
63
66
69
69
68
62
63
220
71
339
301
275
256
248
243
232
233
228
241
235
102
221
155
75
196
90
77
105
78
97
74
73
346
309
274
243
253
243
222
228
221
89
170
231
101
66
75
68
117
76
67
70
68
71
74
66
72
99
104
65
74
68
66
70
61
66
66
67
68
72
67
67
332
296
269
251
248
236
230
205
224
196
223
225
108
174
111
136
69
83
72
353
322
284
265
228
246
218
229
241
228
222
157
170
200
96
69
83
72
96
64
65
92
69
70
69
82
68
60
73
68
72
70
64
66
63
66
66
66
68
64
71
66
68
68
70
65
70
73
68
72
282
267
255
251
229
238
260
226
218
77
108
69
114
147
66
66
79
77
152
339
293
262
247
236
238
234
226
200
121
177
80
218
63
67
74
106
62
166
73
86
67
66
66
81
64
68
73
69
66
67
67
59
70
67
65
68
67
65
70
66
66
69
63
64
67
69
68
69
67
67
70
65
66
68
65
65
69
61
67
73
73
229
307
269
258
247
232
224
253
210
159
240
118
65
102
125
235
102
76
138
234
319
293
290
270
236
246
224
234
82
123
126
162
171
83
72
69
53
85
66
70
70
72
232
67
61
72
67
61
68
62
66
70
60
61
64
70
66
71
73
64
64
219
70
66
319
290
266
362
242
244
245
232
214
214
218
223
160
196
66
70
80
132
90
340
306
278
259
249
232
126
208
232
232
225
66
244
98
202
66
69
252
117
67
65
101
69
66
75
69
144
65
67
69
211
65
61
66
225
67
69
69
68
68
62
69
65
72
61
64
285
283
258
221
253
251
234
227
242
136
205
201
200
100
72
74
74
69
98
341
313
299
275
259
251
99
291
211
172
220
67
68
95
146
70
69
139
79
75
65
97
104
121
77
67
100
93
69
66
227
68
69
69
226
67
61
65
68
67
53
68
66
66
65
65
69
61
67
227
68
69
65
223
69
63
67
67
64
67
69
65
62
61
67
69
67
65
174
69
71
68
67
60
308
294
250
246
146
257
69
213
219
180
211
176
171
69
213
110
169
78
92
342
321
275
275
250
236
225
224
231
228
199
115
134
163
74
129
67
132
80
65
90
68
62
97
86
64
233
68
67
70
195
65
66
67
66
69
66
65
67
65
64
65
66
68
68
65
323
307
293
235
249
235
234
260
176
208
210
48
172
201
114
111
68
69
68
351
322
273
271
261
244
238
224
214
222
157
202
94
182
84
227
68
104
80
229
67
68
93
78
72
69
69
112
71
67
64
67
69
65
226
63
67
72
105
66
65
74
64
64
66
64
60
70
69
65
67
65
70
230
64
67
66
227
70
68
75
73
68
64
65
59
72
67
67
65
64
68
68
70
227
309
282
251
249
229
244
248
220
219
65
198
316
65
127
153
110
85
113
280
333
304
284
258
257
235
220
204
230
236
241
222
102
69
65
77
86
68
246
68
74
66
264
91
76
67
66
67
67
67
67
61
69
66
67
67
80
69
68
68
69
228
72
64
68
225
69
68
64
63
67
67
73
65
67
62
66
68
67
67
153
72
61
64
228
69
226
313
291
266
254
227
233
230
154
212
208
123
74
70
102
155
69
69
139
72
340
312
281
254
255
232
237
219
73
97
50
234
137
75
67
68
65
152
202
72
72
68
85
70
74
66
68
63
65
74
70
70
67
64
62
67
71
68
60
63
60
69
65
77
62
69
302
284
297
266
83
229
235
206
206
234
75
70
107
202
97
136
69
188
66
377
305
273
250
256
229
244
227
70
118
113
222
70
57
64
147
98
69
69
86
72
72
72
69
77
73
140
66
64
64
60
69
66
65
68
69
67
69
61
65
67
66
60
69
64
66
74
67
68
69
315
265
268
259
194
228
216
217
231
216
156
78
82
214
72
115
98
67
97
326
313
272
262
236
226
238
234
152
169
152
194
69
82
70
91
137
73
139
73
97
69
70
74
65
70
66
64
67
69
63
61
67
65
65
66
69
62
69
65
68
63
68
67
63
64
69
69
69
65
69
306
276
265
254
251
246
225
222
213
235
243
177
188
140
181
75
196
109
67
348
314
285
255
250
238
217
227
67
97
74
216
159
82
69
363
85
88
67
63
77
70
73
105
66
69
65
76
69
67
65
69
67
63
69
67
74
67
67
65
75
68
66
72
66
70
76
67
65
61
69
69
59
69
67
70
68
65
69
70
69
65
73
228
313
294
261
252
242
232
227
213
221
173
150
67
75
178
91
80
120
69
243
320
297
257
267
230
237
208
195
86
146
171
66
69
81
79
75
83
69
226
206
69
69
238
73
83
69
64
70
62
68
70
73
69
70
65
66
59
65
68
65
69
227
63
68
65
230
66
61
67
65
63
69
69
63
69
66
64
61
66
61
68
62
70
68
230
65
61
66
226
65
68
71
66
66
232
310
283
264
257
97
237
225
181
218
214
138
82
98
105
269
66
67
228
225
341
310
275
258
234
236
205
203
156
194
204
144
71
78
81
122
91
70
177
78
65
74
228
71
67
69
94
68
66
67
69
65
61
66
66
64
61
67
65
70
68
222
61
68
62
228
68
67
69
65
68
67
65
67
69
67
68
67
65
66
73
58
56
72
232
65
69
66
69
67
65
64
69
69
65
65
67
64
67
67
68
68
66
316
290
262
249
269
236
219
221
158
78
170
74
152
216
148
173
72
68
125
339
299
287
256
230
223
233
203
68
208
152
187
149
64
68
71
101
78
69
68
69
84
67
91
72
100
73
67
69
68
70
64
63
61
67
64
66
66
70
68
73
66
68
66
69
60
66
67
67
66
65
68
63
59
65
326
283
265
229
248
264
94
239
229
100
221
111
72
290
73
111
75
71
76
344
305
285
246
255
237
230
234
65
226
76
67
110
74
72
173
108
74
74
69
79
74
69
66
77
80
75
67
67
68
70
69
67
68
63
65
62
66
64
66
62
74
63
68
66
226
72
65
66
65
66
67
68
65
68
73
64
69
67
68
64
67
66
70
220
70
62
67
206
65
71
67
65
70
67
309
315
276
243
234
235
222
286
203
220
220
214
185
69
66
78
89
153
73
354
319
284
281
254
238
232
219
195
228
207
158
136
228
99
70
70
124
125
64
66
73
67
69
69
100
98
67
67
60
228
68
69
68
65
67
68
69
69
66
67
64
65
65
63
74
65
64
64
137
61
68
69
64
68
66
61
61
65
72
70
66
68
68
70
67
64
66
74
58
66
76
72
58
64
70
323
252
273
270
210
224
252
222
211
68
148
77
192
92
124
81
133
104
154
340
313
292
272
237
212
139
101
209
83
210
161
181
65
69
63
64
112
177
66
93
83
68
134
72
99
68
66
67
66
66
68
66
65
67
67
64
72
70
67
68
120
62
66
66
62
73
67
67
67
65
69
67
68
66
70
68
67
66
67
73
62
69
65
321
289
269
255
249
238
78
224
238
184
176
70
101
97
70
73
65
148
70
347
312
268
262
250
216
217
217
233
203
98
64
154
72
86
74
70
67
68
65
67
66
76
73
65
76
233
69
66
68
62
69
63
64
69
61
65
67
68
66
67
70
61
62
63
150
68
65
64
221
70
62
68
66
68
66
69
66
64
72
65
66
63
68
67
61
68
70
230
67
64
68
62
61
69
65
69
325
294
265
253
245
240
227
225
214
218
219
195
171
75
169
142
69
89
82
346
299
296
269
226
248
237
102
211
147
179
79
66
80
69
92
95
122
69
67
75
70
98
63
67
115
86
72
69
70
227
64
70
69
224
69
67
67
64
65
62
65
68
66
69
81
63
64
70
66
67
67
65
227
69
69
68
227
69
67
65
72
65
61
69
68
70
72
64
60
67
66
228
72
68
67
224
69
66
65
66
66
69
326
298
257
255
239
240
224
221
219
210
224
141
228
233
68
265
78
89
74
360
308
284
278
256
232
227
224
218
210
89
218
155
232
79
68
138
109
65
114
69
101
70
109
65
70
66
72
65
69
65
73
64
62
64
66
66
67
69
67
66
66
73
66
66
63
67
69
64
66
67
65
73
70
66
68
74
63
57
68
68
73
68
67
64
68
65
70
66
66
62
67
72
69
66
64
73
67
60
318
255
285
269
247
235
223
224
220
169
213
68
116
229
175
121
66
100
68
328
292
277
261
238
227
216
203
173
188
184
113
107
204
117
85
120
104
73
177
104
87
116
82
75
69
97
60
66
67
68
67
67
66
67
67
66
225
66
72
65
69
70
66
65
65
66
67
65
72
70
69
61
68
66
71
64
68
67
66
225
61
69
233
67
68
60
67
313
277
245
249
266
232
226
225
216
37
220
100
177
67
230
155
69
69
210
337
307
258
272
230
227
227
219
80
98
179
88
88
75
192
143
142
77
291
89
74
75
100
68
70
70
68
68
66
66
70
65
68
73
62
68
73
230
59
69
64
226
70
65
65
67
61
61
68
69
69
214
314
282
263
257
75
245
227
218
219
214
82
88
85
100
219
73
116
131
192
341
310
280
255
261
229
233
233
75
226
188
69
60
168
70
105
206
68
69
213
73
66
227
65
73
80
238
68
74
69
65
67
68
68
67
64
68
64
68
66
64
118
68
68
66
325
283
273
251
249
248
229
217
214
227
199
226
125
253
72
154
74
62
70
352
302
262
267
238
248
220
220
72
159
89
219
97
90
68
115
195
66
69
65
70
68
71
68
65
68
220
66
72
68
226
66
70
71
64
61
67
68
69
65
64
73
69
65
70
67
70
70
323
293
270
250
233
239
234
229
250
221
181
182
157
66
123
81
75
99
67
338
302
273
256
248
239
130
195
209
136
204
62
152
74
68
67
85
68
70
69
70
70
97
67
66
65
133
68
66
69
224
67
68
70
78
65
67
70
60
64
66
69
68
70
69
66
68
72
66
212
72
66
70
227
66
64
68
59
69
63
67
69
66
66
65
66
70
62
68
66
72
322
265
280
249
240
243
242
257
207
218
200
210
201
75
70
51
145
178
70
344
312
296
391
245
243
224
202
220
200
67
173
78
69
81
94
75
69
79
76
78
73
75
70
73
99
246
67
64
61
62
67
68
73
68
61
66
65
69
67
69
66
72
70
72
227
66
66
66
230
65
65
68
72
65
68
67
66
68
67
63
68
61
67
68
66
67
326
275
268
246
232
235
235
228
251
210
205
235
200
70
78
85
70
67
72
341
286
257
241
241
221
216
174
203
235
227
219
113
69
72
88
72
72
86
64
73
75
68
67
69
64
128
66
70
64
222
70
65
69
70
66
65
69
64
67
67
64
69
68
65
61
74
69
223
309
284
262
249
237
228
224
152
220
101
68
84
88
126
101
75
68
106
212
340
313
266
243
254
241
218
218
159
173
107
139
66
78
94
67
240
91
72
67
74
70
226
69
95
72
227
73
66
66
65
62
64
69
65
65
68
64
69
69
68
101
66
63
68
70
69
67
67
230
314
287
249
283
81
245
226
230
204
214
212
93
68
108
88
87
77
66
269
341
302
274
237
236
244
221
221
62
109
106
81
94
91
61
166
237
65
69
70
61
75
225
101
65
69
226
65
69
66
72
66
69
67
64
68
70
65
69
70
66
68
61
72
70
226
69
68
70
226
65
66
67
65
64
67
69
61
65
74
70
68
69
67
147
68
71
69
230
62
64
65
65
68
66
57
308
288
286
249
277
241
81
220
229
211
213
81
104
73
320
88
67
177
118
356
315
283
266
255
229
75
75
209
213
213
60
129
74
98
73
74
825
69
77
65
104
92
67
67
69
230
70
66
65
228
63
66
69
65
64
67
66
67
61
70
66
67
65
69
69
66
68
67
236
60
70
66
73
67
69
65
69
66
69
69
67
64
69
67
67
310
293
271
252
225
238
228
225
219
196
216
127
129
80
226
68
77
202
62
334
307
273
267
260
230
65
177
217
215
181
68
105
76
27
139
88
126
70
99
66
67
67
73
107
68
66
68
68
66
72
70
68
65
72
69
68
66
69
67
67
66
68
68
64
74
70
326
296
271
222
238
236
227
229
167
218
189
107
221
245
65
67
91
67
80
353
332
306
277
254
236
206
230
229
166
160
128
147
150
139
98
105
65
123
91
70
75
114
65
62
68
72
66
67
68
64
67
67
75
70
70
67
72
62
67
65
71
69
304
299
268
270
240
226
220
221
212
130
210
66
92
146
180
73
140
73
71
338
302
272
269
250
235
218
228
169
120
179
164
171
99
77
90
70
114
149
72
112
66
75
69
99
72
62
68
59
70
67
68
66
67
65
66
68
67
66
63
65
68
74
70
67
70
69
72
74
318
277
297
280
266
234
224
220
213
141
203
125
118
228
177
69
82
117
80
358
308
269
253
254
213
213
214
51
97
218
89
69
75
176
106
285
84
62
66
70
70
67
70
66
65
68
67
69
66
60
66
64
70
65
67
70
64
67
67
66
72
62
64
67
65
67
72
66
314
299
257
243
236
230
223
224
212
81
133
83
102
92
107
70
142
79
70
338
313
254
267
242
232
225
229
97
213
72
76
62
158
70
138
353
81
64
78
68
80
70
79
99
61
67
65
72
67
61
68
67
67
68
64
64
68
70
60
66
66
62
67
63
68
67
68
66
68
68
71
69
66
64
238
66
66
61
225
312
286
261
252
230
227
220
229
214
141
78
74
142
66
166
93
70
88
249
339
309
277
230
237
235
232
225
67
85
187
82
73
88
98
67
120
69
228
66
74
65
243
76
68
67
70
62
69
62
65
67
71
63
68
64
65
200
65
64
64
226
69
61
67
66
312
297
265
282
241
264
202
181
218
202
108
81
68
110
76
70
81
106
77
346
305
281
250
245
237
219
220
52
72
197
159
109
67
188
125
92
68
65
69
73
72
77
80
70
84
230
71
65
69
228
65
68
63
67
61
68
63
57
64
64
66
65
64
73
206
66
65
67
228
73
66
66
72
67
66
66
64
72
66
60
63
65
65
66
221
314
289
244
272
155
244
233
219
228
209
68
167
72
73
82
72
101
74
72
344
293
275
244
245
247
217
219
66
100
211
93
91
166
68
142
73
72
67
66
69
70
224
66
64
68
224
64
68
68
67
64
69
66
64
65
70
67
69
66
65
67
65
65
66
230
67
72
70
229
67
65
68
69
68
66
296
293
266
275
241
235
218
217
222
207
161
69
144
72
313
73
72
195
69
341
308
292
362
251
219
236
233
65
80
110
83
88
68
69
90
154
85
65
68
67
67
71
69
73
74
217
74
69
69
229
67
68
64
82
66
67
75
70
65
70
68
62
70
69
62
66
74
66
67
67
66
322
289
272
346
241
246
162
209
226
181
144
62
65
152
89
123
81
68
34
347
307
285
273
244
248
236
153
219
205
139
62
146
81
90
77
96
70
78
80
68
101
63
123
130
97
123
70
71
67
228
65
68
67
226
60
66
68
65
66
65
66
65
69
61
65
67
69
64
229
66
67
61
225
72
67
62
68
323
286
272
251
243
243
112
330
225
150
164
80
65
28
74
243
146
69
65
360
312
309
272
225
254
236
208
227
221
99
204
65
236
105
136
82
70
82
79
87
92
65
129
82
94
69
68
67
69
72
67
68
73
69
65
68
64
68
59
64
64
72
67
68
65
66
65
63
67
67
64
66
338
301
267
258
248
239
228
229
219
216
210
145
172
99
74
85
130
69
64
361
324
302
276
245
228
208
218
211
196
207
123
124
125
149
70
123
162
72
148
92
75
101
72
66
64
64
68
65
69
70
70
69
69
64
67
68
68
68
67
60
68
68
70
263
299
280
264
254
243
235
225
231
105
242
66
217
224
69
88
68
72
69
72
333
302
261
254
231
229
214
206
211
214
203
189
209
85
69
63
77
80
71
70
68
72
69
118
79
66
66
67
70
69
65
64
65
62
62
66
67
62
67
69
66
69
68
73
65
67
69
72
68
64
68
67
71
70
69
72
66
61
73
233
312
282
261
245
232
230
222
225
210
140
105
215
76
93
101
86
69
68
234
342
305
276
275
221
221
239
238
69
182
187
54
74
210
121
72
157
69
68
69
65
63
73
74
83
67
70
66
65
68
71
68
69
66
66
69
67
68
68
64
63
70
70
68
65
66
72
67
69
59
64
228
68
65
68
358
299
262
259
244
236
179
231
184
213
192
182
226
69
65
96
97
74
75
320
328
283
264
244
233
203
225
178
211
201
202
80
213
265
245
67
101
74
227
69
100
107
73
65
69
66
72
67
66
63
69
62
72
76
68
62
64
230
65
66
69
69
65
69
66
58
62
64
64
66
65
65
70
70
66
69
229
66
62
62
228
66
72
72
70
64
69
70
67
64
68
67
69
65
70
66
60
70
67
69
58
312
277
253
246
229
228
232
209
179
213
65
227
248
70
73
65
68
75
248
324
299
273
266
227
216
220
227
83
146
136
223
65
65
75
99
86
66
91
83
77
72
69
69
74
66
65
68
65
72
73
66
65
66
66
64
68
70
72
66
65
66
62
63
66
61
65
66
69
68
66
66
67
69
68
66
61
65
69
60
72
67
67
68
69
325
268
299
284
268
238
226
257
209
171
221
134
88
250
201
109
70
70
61
341
304
285
256
250
221
218
219
98
207
147
210
74
76
137
76
57
96
70
85
80
68
83
68
70
66
71
70
61
68
69
68
68
66
65
63
69
67
68
70
67
69
65
64
68
67
65
65
63
74
68
61
73
60
316
302
255
244
224
228
222
168
205
208
107
306
70
121
120
148
76
105
91
337
304
265
260
254
204
235
231
67
157
191
64
80
164
84
74
93
69
68
81
73
114
66
73
72
69
66
63
60
65
67
67
61
66
66
68
69
65
65
68
61
64
66
60
66
63
65
68
65
62
66
66
69
61
65
61
65
66
65
67
66
61
68
68
68
68
67
69
67
64
66
76
66
71
67
70
66
66
72
68
322
296
264
234
243
245
243
229
195
130
219
173
85
234
170
67
84
72
65
337
306
285
261
254
235
226
203
72
125
132
241
149
268
54
66
106
66
78
71
68
75
66
85
67
100
68
65
70
67
67
67
67
67
68
59
70
70
70
65
69
66
65
66
65
70
66
313
294
269
251
241
235
232
179
157
73
81
233
134
78
142
78
116
72
69
346
303
284
249
261
234
238
96
225
153
187
68
189
65
68
90
64
78
69
99
76
68
70
77
69
68
66
65
65
65
67
66
68
67
66
67
70
69
67
65
64
64
65
70
70
65
68
61
66
67
66
64
72
72
66
66
65
67
67
66
69
65
66
68
70
67
68
325
291
273
352
245
229
187
218
211
178
170
72
87
64
86
71
112
69
72
348
306
278
237
243
245
65
216
225
224
130
139
98
68
107
74
88
102
70
70
64
67
67
67
68
65
235
68
66
68
229
67
67
74
64
61
67
67
66
70
69
69
69
73
69
72
67
69
68
230
67
68
65
230
66
65
62
67
61
62
67
64
68
63
67
67
62
69
67
67
69
65
233
67
67
67
228
64
64
64
66
69
67
336
291
270
286
217
235
224
219
218
203
216
235
177
65
68
78
73
114
69
356
316
274
259
259
242
233
221
211
221
207
331
238
241
29
228
77
129
104
64
74
67
70
75
66
72
71
69
65
66
187
68
69
66
230
67
65
61
66
67
68
58
68
65
66
65
67
70
68
68
65
69
67
223
65
68
67
225
62
66
68
331
282
252
223
240
225
257
230
214
212
226
334
353
82
63
237
73
64
62
68
91
94
73
344
306
286
249
244
236
226
230
213
212
204
70
61
78
59
67
68
69
68
62
85
67
77
101
74
88
68
69
68
68
227
66
68
67
172
66
70
69
69
67
61
65
64
62
66
64
67
61
68
158
70
66
68
229
64
68
62
70
67
65
70
65
63
67
72
67
65
68
68
66
69
68
225
69
65
64
196
65
61
66
66
65
68
66
67
66
67
69
66
58
66
81
69
69
65
336
290
267
290
246
244
117
218
213
194
230
303
67
75
172
170
66
72
125
355
325
286
270
262
246
235
236
209
209
222
178
72
160
72
80
74
157
65
69
66
84
71
69
68
70
69
69
59
66
85
65
67
67
225
70
62
69
65
66
64
64
71
68
65
73
66
73
66
69
70
66
67
234
68
62
69
70
70
331
302
280
254
282
229
226
219
198
220
208
216
195
69
64
237
67
124
70
360
299
288
261
265
235
217
220
196
225
205
148
68
85
73
68
81
74
69
187
74
149
66
76
72
67
69
65
67
68
66
62
65
66
62
65
64
64
67
69
66
65
67
66
65
66
67
68
330
299
272
259
230
225
227
237
100
213
208
218
129
80
128
65
126
99
78
354
324
280
269
252
227
202
219
213
229
221
228
69
138
67
70
72
68
66
67
69
125
77
91
72
65
67
70
69
68
71
63
65
68
65
68
68
66
70
71
66
69
65
66
66
66
63
70
66
69
59
64
62
70
68
67
70
69
62
66
67
69
63
74
67
71
66
63
70
310
304
282
224
250
237
229
230
234
155
211
67
222
182
67
67
71
88
90
274
330
294
285
255
250
235
238
221
182
234
185
83
152
92
101
70
73
68
293
69
67
108
66
70
66
66
66
61
65
69
69
66
67
63
68
67
66
60
67
64
66
64
62
68
65
68
67
65
73
66
62
62
63
69
64
72
66
65
68
74
67
64
69
68
68
68
68
68
66
69
65
64
66
67
60
66
61
68
66
336
309
291
250
244
253
253
225
236
245
216
262
192
82
99
241
77
82
66
362
331
291
265
234
232
225
214
222
182
196
152
183
142
76
119
69
144
72
70
73
70
78
60
67
65
66
67
64
64
77
65
67
69
66
70
67
58
858
66
81
65
67
68
67
67
67
64
68
69
69
67
69
66
65
63
66
66
68
70
68
65
62
68
64
73
67
68
66
65
68
67
59
67
67
66
338
304
270
256
275
236
264
220
200
217
209
168
132
74
84
179
120
73
69
356
326
281
276
249
230
211
220
221
229
219
61
85
99
74
272
76
69
69
175
70
78
67
64
68
72
67
68
69
71
64
66
67
67
67
72
66
64
68
68
68
67
69
67
62
64
473
64
66
67
66
66
70
68
61
65
68
67
72
67
66
66
65
67
66
69
66
64
70
68
68
66
66
68
59
72
62
61
68
68
65
69
72
322
306
274
263
274
262
239
260
214
209
189
200
123
203
117
312
67
93
97
310
336
300
280
267
250
246
242
217
175
97
80
189
90
68
97
76
70
66
77
76
80
61
100
83
70
63
68
65
69
68
68
66
66
72
67
65
64
229
66
66
65
68
72
66
62
69
68
67
66
70
65
67
68
67
72
69
65
62
66
68
69
68
67
64
66
68
67
227
330
273
282
253
228
232
246
215
180
168
128
210
237
69
67
77
74
68
235
329
260
283
256
254
241
222
229
161
165
235
86
158
101
97
66
68
74
229
78
68
70
154
66
101
66
65
65
66
60
65
68
65
65
66
66
69
229
72
68
61
218
69
72
68
67
66
67
68
64
64
62
67
65
68
66
68
66
66
64
228
69
61
70
226
66
66
67
65
64
225
72
62
68
342
267
296
287
245
248
263
222
227
230
163
187
137
122
77
293
105
163
101
317
328
289
265
236
239
232
233
232
196
209
209
141
119
149
249
74
140
97
95
83
92
73
75
69
65
71
67
69
65
81
66
70
67
81
67
71
64
229
63
70
67
226
64
65
63
67
67
64
64
69
64
68
68
64
67
70
73
218
322
263
299
246
244
203
229
224
86
186
182
97
92
70
94
67
65
70
230
330
276
280
261
251
227
213
205
229
216
213
93
68
69
64
99
72
99
244
92
59
95
228
69
68
62
72
67
70
63
69
68
69
66
67
65
69
122
69
67
66
227
65
65
69
222
68
66
68
67
67
61
66
73
68
69
72
72
66
66
223
67
66
