74
243
312
286
258
226
240
236
266
243
113
232
229
194
189
204
102
350
73
94
182
330
294
278
266
249
149
131
207
133
242
197
196
72
84
93
76
84
182
72
66
67
64
68
102
98
68
67
67
66
66
66
68
66
64
68
72
66
66
68
67
68
67
65
72
68
63
62
72
65
66
67
73
66
62
69
60
69
67
68
69
64
65
61
66
66
65
65
63
67
63
68
65
325
289
272
267
236
264
240
235
201
213
218
211
85
118
94
68
142
70
117
350
321
292
283
256
229
212
225
238
221
104
94
67
236
178
72
116
83
65
68
84
80
76
66
91
69
75
68
64
68
69
66
66
64
64
68
67
63
68
62
65
69
64
69
70
70
66
73
75
70
68
68
70
60
67
71
68
63
66
69
63
68
70
66
66
68
67
67
68
68
66
67
72
62
59
69
68
65
70
311
294
271
255
245
238
189
225
206
195
121
98
170
203
148
149
84
67
131
349
308
273
265
256
235
224
220
94
153
169
141
73
66
97
78
68
79
70
67
79
66
68
68
65
72
79
74
68
67
68
70
68
70
76
64
67
61
65
68
63
66
61
62
64
64
67
62
65
64
66
72
67
64
70
62
62
72
65
68
68
66
72
68
66
67
67
66
337
265
238
255
249
242
240
230
220
226
230
66
89
178
131
128
84
74
157
345
306
277
241
242
243
217
235
65
236
101
226
73
69
89
68
138
69
70
128
171
72
109
93
95
102
89
68
70
66
64
67
62
67
68
70
60
67
66
66
73
68
67
70
69
68
68
64
67
71
65
62
65
69
66
68
67
69
68
64
69
64
68
64
67
63
68
60
67
62
67
314
288
272
253
250
244
238
229
250
228
224
82
218
160
212
156
69
128
125
303
314
289
256
237
245
238
230
211
213
191
74
121
84
66
64
102
75
70
99
61
73
70
106
124
72
65
69
67
71
68
67
65
64
65
67
66
66
68
62
68
66
67
70
67
67
65
73
64
294
296
254
245
239
233
240
224
163
221
75
92
73
88
171
73
74
73
70
333
293
267
264
242
248
246
227
150
159
196
122
197
67
96
68
97
66
68
67
72
74
187
72
68
66
86
67
65
65
70
70
70
64
69
68
63
64
63
67
57
68
67
67
68
69
67
68
68
66
65
69
73
67
331
273
281
260
234
242
176
221
224
230
195
84
226
214
91
85
138
78
93
338
312
280
256
240
249
243
233
67
244
85
156
68
66
69
70
67
180
72
67
93
67
66
66
150
64
72
72
154
77
67
70
60
65
65
65
64
66
67
66
59
67
66
65
67
69
67
64
67
67
60
61
62
68
63
67
60
65
64
67
72
66
65
67
68
67
68
64
68
70
68
65
69
65
69
66
62
66
69
66
70
66
62
305
266
264
253
251
265
230
220
208
217
160
67
179
170
89
69
130
136
162
336
298
285
251
240
233
230
218
240
120
78
109
70
93
89
75
68
99
68
65
74
74
67
70
74
70
107
66
68
65
69
67
69
65
65
70
65
67
66
66
60
61
73
64
67
67
309
273
262
258
240
229
234
226
224
137
235
221
172
195
101
92
70
64
137
331
296
288
251
252
226
222
238
145
145
104
88
76
105
73
66
73
156
109
69
69
100
69
106
96
101
108
64
65
67
68
69
61
65
64
67
68
67
69
69
63
60
63
64
72
66
69
292
247
274
261
239
233
234
224
227
221
113
137
205
73
214
68
115
69
126
334
298
258
263
230
238
221
234
186
223
195
74
73
124
120
74
96
75
79
70
71
74
72
67
110
70
70
73
67
67
66
65
69
67
69
65
73
147
72
67
65
66
69
68
64
69
67
69
66
66
69
68
59
67
70
67
66
67
66
66
65
68
58
72
67
64
72
67
68
72
60
66
70
62
67
65
65
73
323
318
277
278
258
238
238
229
222
222
211
109
208
78
133
125
88
152
68
290
329
305
283
252
236
251
232
224
241
193
242
181
68
68
64
92
108
100
292
72
80
70
72
84
74
67
69
67
69
66
60
68
67
68
70
64
65
68
62
69
70
64
69
68
64
67
62
70
65
69
68
332
293
305
284
282
240
232
229
233
218
245
211
156
105
72
99
75
188
125
349
325
285
276
258
216
190
205
228
207
200
192
174
72
70
154
153
81
68
70
63
72
95
73
68
72
89
75
68
72
70
64
64
61
66
63
62
68
66
66
65
67
73
63
68
66
63
66
67
69
68
70
59
65
68
67
63
66
72
65
64
66
72
67
66
66
65
64
67
69
69
68
61
69
74
69
65
325
282
269
262
226
248
243
237
73
217
236
145
108
201
74
236
77
72
103
353
325
268
274
246
236
242
226
224
186
225
142
161
154
76
72
66
79
75
66
61
67
69
96
133
68
70
73
69
67
66
68
66
67
67
68
63
60
66
67
69
67
66
69
69
64
61
64
65
66
67
65
65
66
67
68
334
296
266
265
250
250
233
231
214
194
65
299
70
153
144
69
148
123
65
353
300
266
269
253
250
212
239
195
68
228
174
69
193
88
70
78
88
90
68
69
69
77
107
121
70
92
66
65
59
69
68
66
66
211
63
68
69
227
69
64
65
70
67
66
60
62
68
69
66
68
64
68
195
69
67
68
227
69
66
67
67
68
64
69
70
70
64
68
66
67
67
66
66
61
67
221
66
63
64
224
67
69
65
68
323
292
264
268
272
244
268
241
252
85
212
232
68
223
87
76
96
99
208
80
67
96
74
337
302
278
253
238
251
240
228
219
69
229
213
219
100
72
64
92
73
196
114
70
99
68
70
72
65
66
62
68
68
221
64
71
68
223
68
66
65
74
66
66
62
72
64
70
69
68
63
68
71
69
68
307
296
252
244
276
240
243
242
233
237
230
153
161
161
93
261
73
85
112
74
74
64
76
343
305
284
259
256
246
238
222
228
77
202
53
77
72
69
75
91
54
68
75
68
69
68
75
72
72
92
68
69
70
62
64
62
69
70
72
68
67
69
65
70
62
66
324
292
293
240
237
257
266
233
224
196
226
206
66
73
203
73
135
73
144
360
330
282
257
253
251
219
197
237
225
141
232
184
203
134
81
156
214
75
130
73
183
68
111
94
73
78
82
67
66
66
68
64
59
68
67
66
65
65
70
69
60
69
64
68
70
66
171
294
285
259
251
228
232
227
218
246
219
141
201
80
254
142
104
74
90
114
332
303
268
253
235
237
234
216
237
113
171
65
92
76
70
62
75
67
75
68
62
67
82
70
66
104
69
98
67
66
68
66
68
69
70
68
66
69
66
66
67
66
65
67
66
67
67
66
330
318
282
233
236
244
235
234
219
85
69
139
74
86
67
177
185
154
101
328
326
280
273
244
250
225
180
234
207
136
116
161
111
69
83
74
65
70
84
67
68
68
70
91
88
77
65
65
70
63
62
68
63
69
66
66
65
69
73
70
63
61
64
64
66
66
72
313
277
276
268
253
234
226
226
224
122
83
70
65
124
210
219
67
151
133
348
289
266
268
227
238
224
228
222
188
100
185
149
91
77
89
73
68
88
67
79
70
81
72
73
70
100
66
107
61
66
61
65
67
64
66
67
69
62
67
64
69
66
67
64
66
64
65
67
66
67
65
67
67
77
65
65
66
66
67
69
62
67
68
68
65
68
61
66
68
70
62
69
61
73
64
62
69
311
261
272
261
233
266
153
244
218
217
225
210
228
226
156
86
82
108
3
332
293
285
258
254
233
219
228
130
147
184
148
118
73
82
76
72
100
78
116
67
62
65
80
69
77
176
68
70
69
66
66
64
68
69
58
65
64
66
69
65
67
68
65
68
61
67
66
66
65
69
65
64
66
67
65
70
68
70
66
68
66
68
64
67
67
68
65
69
63
65
68
72
63
74
73
67
67
68
68
66
70
235
301
275
255
246
240
233
228
250
200
217
93
149
176
102
65
70
66
65
233
323
290
261
269
238
247
240
185
227
81
235
228
65
133
67
109
85
79
67
65
177
79
72
69
70
65
65
67
65
69
66
77
66
68
69
62
69
70
66
66
66
68
65
65
69
71
60
67
325
300
271
259
236
241
216
230
219
227
215
81
146
143
166
110
86
77
70
349
316
293
268
249
227
246
209
214
237
220
226
112
79
76
64
76
88
249
70
70
108
70
88
77
69
69
83
73
66
65
67
66
68
74
69
68
65
69
65
66
67
66
69
65
67
310
304
246
254
237
238
225
258
238
225
184
226
84
140
168
148
77
35
78
339
303
285
248
243
238
221
236
211
229
141
67
72
97
139
63
134
83
97
70
68
80
59
72
72
106
97
65
69
70
69
67
65
66
74
67
69
71
65
67
67
73
67
73
64
65
66
65
64
72
68
67
68
62
68
66
69
65
72
65
69
68
69
62
65
65
70
64
312
289
269
251
245
225
226
235
221
204
193
187
134
86
96
75
113
77
77
348
316
280
267
251
250
203
248
219
85
210
225
74
226
348
74
81
66
72
72
70
72
94
70
66
98
70
88
75
60
74
68
64
66
72
65
72
65
70
65
69
60
61
65
59
69
69
67
68
67
70
65
74
68
65
65
67
66
54
65
68
71
66
68
69
65
313
278
262
241
256
230
68
231
227
223
227
182
213
217
147
81
94
193
67
340
267
262
236
249
206
232
236
187
118
158
69
140
73
74
75
123
168
86
71
102
68
94
74
67
59
69
72
72
66
67
64
65
70
63
72
70
68
65
65
67
68
68
67
66
64
67
69
64
60
71
61
67
67
64
67
69
69
64
62
60
68
67
68
69
64
312
292
262
260
239
238
172
227
238
222
220
140
242
232
67
90
89
69
70
333
300
270
322
244
229
224
207
234
232
189
109
101
133
77
68
80
76
73
67
68
68
69
73
70
94
69
72
175
57
66
69
68
68
68
65
64
69
73
63
67
66
66
66
66
68
65
67
73
66
67
69
64
69
62
66
62
64
68
69
68
61
59
66
62
68
64
67
66
69
318
278
290
252
257
244
147
218
225
214
223
226
147
90
65
70
69
72
69
316
285
275
266
242
233
225
220
212
226
162
68
106
218
257
75
113
61
67
67
68
70
69
66
97
76
281
70
66
68
68
70
66
65
67
69
68
69
62
67
68
64
62
64
68
67
66
62
69
70
70
70
64
66
65
70
66
66
63
65
65
64
73
66
65
64
68
59
69
61
67
72
72
327
249
244
255
247
232
233
223
234
220
234
85
225
236
243
80
78
66
274
337
308
277
270
249
227
218
213
225
217
191
125
86
98
67
95
73
94
68
103
92
108
73
101
68
93
90
68
66
68
64
66
68
63
69
59
68
70
68
62
68
66
70
65
61
72
67
63
72
70
63
68
70
65
69
76
68
68
70
67
314
316
286
264
245
232
261
226
242
220
229
243
191
210
181
105
94
66
70
342
291
267
278
257
234
228
217
201
222
78
202
148
68
72
68
77
68
123
68
72
99
73
72
124
76
66
68
70
71
228
66
64
65
78
69
64
62
66
68
67
70
64
64
66
68
67
69
67
228
62
65
67
224
64
68
64
59
68
68
68
62
67
69
66
72
72
68
144
64
68
69
232
70
62
68
68
69
65
67
69
67
69
63
67
68
65
67
68
66
66
70
67
65
64
67
321
278
280
254
260
254
222
220
236
144
228
219
166
212
69
173
152
72
118
347
297
284
267
254
226
218
233
202
229
232
147
166
68
69
71
191
89
68
72
136
92
69
79
67
67
73
75
68
64
68
68
67
65
68
66
68
65
69
65
73
76
66
67
65
72
67
68
66
67
67
67
69
68
64
67
67
67
69
64
65
64
68
66
73
62
65
67
68
67
70
68
68
329
299
278
254
245
235
228
216
214
217
128
120
72
114
218
234
105
75
163
280
329
281
233
251
250
227
241
189
236
189
163
240
67
146
84
149
71
64
120
73
70
91
75
69
73
123
73
68
70
65
69
65
69
214
64
72
67
228
66
70
68
68
69
66
65
70
67
68
62
67
65
68
62
64
66
67
227
65
64
68
73
63
57
69
60
73
65
63
68
69
61
67
67
67
65
69
64
67
66
67
310
297
294
249
241
242
235
232
253
217
203
159
217
234
168
80
67
213
68
332
313
296
260
243
233
220
230
233
223
135
140
147
213
72
192
75
132
130
81
69
67
70
80
68
67
242
66
69
73
74
68
69
70
72
68
66
67
67
67
68
67
68
66
70
72
67
60
68
234
73
67
64
62
69
67
69
68
68
64
69
67
65
68
64
67
224
322
305
267
249
236
236
245
185
130
240
97
80
232
75
144
104
82
94
205
325
304
273
264
246
223
218
225
173
236
99
69
89
67
71
66
68
214
84
69
208
67
243
66
98
66
226
65
68
65
69
66
73
68
67
67
61
72
69
68
63
220
73
67
64
229
66
67
65
143
66
73
65
65
67
66
69
67
65
72
69
68
68
68
225
66
65
72
63
68
69
72
68
315
299
253
253
266
252
213
233
222
219
209
160
209
234
122
65
70
77
72
332
310
298
265
248
233
202
178
214
108
212
213
133
199
242
134
142
88
78
64
70
89
68
70
73
96
72
70
67
65
66
62
72
70
69
66
73
68
71
64
66
65
69
62
64
69
67
70
66
64
71
67
71
68
68
69
65
62
69
66
72
66
62
66
72
72
66
68
71
72
65
67
69
67
66
68
70
72
69
71
329
285
270
255
269
241
233
232
216
229
207
131
210
202
86
167
78
70
129
352
312
289
267
245
236
222
213
197
216
175
101
68
183
73
66
118
74
121
72
68
69
82
72
67
65
69
68
65
65
73
68
69
68
65
68
70
69
64
70
67
73
64
67
70
69
73
66
62
66
67
70
60
65
64
72
65
64
70
68
66
68
68
62
64
62
65
67
68
70
66
69
57
70
64
71
65
70
67
67
306
280
264
254
261
243
240
262
229
222
134
113
69
77
164
74
181
70
84
322
291
271
233
219
222
191
219
238
106
216
146
47
67
77
112
193
79
81
78
69
117
70
92
67
140
77
66
67
67
69
67
67
72
68
61
65
65
66
69
66
68
67
65
68
69
66
66
69
69
69
68
66
68
65
67
66
69
66
59
61
65
66
65
68
68
61
73
68
67
70
65
60
326
307
264
260
242
269
221
242
241
213
132
101
85
117
153
133
62
68
81
188
334
289
281
251
244
242
240
219
159
149
115
70
109
74
170
69
74
200
75
165
81
104
120
66
94
90
69
69
64
58
73
73
70
64
67
63
68
66
60
68
68
76
65
68
63
67
68
68
66
67
61
69
65
69
63
64
67
67
67
68
69
64
62
65
324
276
288
250
240
242
217
220
209
226
188
70
217
221
88
101
117
90
69
306
315
293
244
244
229
210
196
211
115
221
189
116
165
101
82
84
66
74
67
69
70
92
70
99
66
75
97
65
65
69
69
65
68
65
65
66
73
67
67
66
68
68
67
70
73
66
65
67
64
66
67
67
69
63
68
68
65
68
48
66
66
66
66
63
67
61
66
68
317
283
278
244
237
235
260
229
225
246
203
66
174
243
69
85
68
56
70
338
306
277
241
255
232
229
212
61
171
144
205
119
77
98
65
79
192
81
72
117
68
68
89
87
79
67
72
64
61
64
58
67
68
67
68
62
67
65
68
64
67
71
65
64
66
66
64
68
62
67
65
70
67
67
68
69
75
70
69
67
65
65
65
68
66
64
69
69
69
66
65
65
68
320
284
266
265
244
242
232
225
215
201
210
132
172
60
152
152
83
92
115
337
304
274
254
241
225
79
189
221
201
227
134
118
172
115
69
107
71
89
66
178
78
64
68
69
67
66
67
70
63
69
66
69
67
63
72
65
68
67
69
72
65
64
65
61
65
64
67
67
62
67
69
62
67
67
73
65
67
65
65
66
66
67
65
66
65
65
68
60
66
68
69
70
71
65
66
66
66
68
62
64
72
316
278
252
257
225
240
227
221
242
205
219
206
145
81
90
76
66
75
237
340
306
248
258
256
248
216
195
208
109
228
77
75
120
123
91
96
77
69
86
87
88
74
67
69
73
72
66
66
68
65
69
67
68
67
66
72
70
69
68
69
67
66
69
64
69
68
68
62
68
68
57
67
70
65
69
67
67
64
62
65
65
64
62
73
66
226
313
278
274
250
268
229
237
252
214
182
160
117
131
78
174
75
140
99
233
329
297
265
268
228
221
228
197
221
234
218
107
68
75
137
104
72
66
108
75
78
72
229
68
70
79
72
88
67
66
60
65
65
66
63
70
61
66
65
62
66
206
72
72
68
222
68
69
65
67
68
67
65
65
68
62
67
70
64
68
67
67
73
67
228
68
63
67
94
69
72
63
64
73
332
312
276
260
258
243
229
241
240
216
180
269
20
103
141
145
84
125
83
361
325
284
281
264
250
228
185
77
223
226
322
93
163
67
189
162
230
69
87
68
63
106
100
69
129
72
95
69
65
65
69
72
68
229
66
72
67
218
68
70
67
70
69
67
62
329
320
283
236
246
239
232
227
212
216
227
166
230
233
72
203
74
201
87
350
310
288
270
257
258
177
180
233
236
211
218
111
232
236
70
69
67
69
70
68
59
73
69
92
72
88
68
67
68
192
70
68
67
222
67
70
69
69
68
67
67
62
70
61
69
63
73
70
64
68
68
73
220
66
66
64
224
66
67
67
68
64
66
70
69
66
70
66
65
61
64
131
65
64
63
68
332
299
248
261
246
241
228
230
117
198
228
305
232
226
243
246
77
100
74
347
340
297
266
266
240
236
220
235
180
87
93
69
64
99
109
97
67
66
99
68
72
74
77
72
75
71
73
66
67
68
62
66
73
64
68
62
69
226
72
68
70
217
66
68
68
72
65
59
71
66
62
62
68
64
62
67
222
62
68
66
219
60
64
67
63
64
68
66
61
65
64
67
69
65
73
163
69
70
70
224
66
64
69
58
69
64
67
66
65
62
71
67
67
66
325
293
267
250
259
234
230
228
211
227
96
109
267
225
66
72
83
66
70
346
326
293
267
260
253
245
225
236
194
194
246
221
58
93
71
83
184
99
85
82
67
70
74
92
88
70
91
68
69
66
65
69
66
64
68
64
64
68
63
68
68
70
66
67
65
65
72
69
67
67
64
66
66
70
65
74
68
67
336
289
285
288
248
226
233
224
219
236
221
81
230
234
68
74
65
93
68
355
326
291
268
260
256
224
222
223
217
148
229
186
33
69
6
161
83
71
88
94
97
69
68
62
72
114
69
58
66
68
68
68
64
60
66
65
66
62
65
68
64
69
72
67
66
66
66
66
63
65
69
69
65
65
62
67
68
66
66
70
69
69
66
62
70
70
64
69
61
64
64
64
63
66
66
63
302
280
259
245
241
237
217
225
220
138
220
306
146
157
58
139
179
221
72
332
260
260
258
235
239
220
239
120
184
188
59
92
73
87
77
102
73
72
65
72
94
85
70
70
64
109
68
65
65
70
65
65
67
65
64
65
68
69
69
62
68
65
67
69
68
72
61
60
70
67
67
68
59
64
68
69
233
324
272
262
250
221
236
239
220
206
161
205
104
114
69
98
80
73
179
350
339
298
260
250
258
229
236
228
218
128
73
189
238
81
72
76
78
70
70
73
66
98
72
68
89
66
64
65
65
68
69
64
66
65
62
65
68
66
61
63
68
66
72
64
66
70
65
70
69
73
67
64
59
67
69
73
65
67
68
64
70
69
68
66
69
65
63
65
65
72
68
68
69
65
64
66
60
61
65
61
67
67
69
67
64
323
301
301
247
248
262
236
228
211
171
217
204
211
189
108
273
65
101
65
353
323
282
266
250
236
220
232
190
208
216
164
144
89
67
157
81
74
62
64
68
64
64
66
68
67
68
66
65
69
73
69
70
65
68
66
69
68
66
66
66
67
62
70
63
65
66
68
61
67
67
67
65
64
69
64
69
62
67
67
308
280
254
245
231
235
213
216
220
173
209
56
116
226
171
165
68
116
77
337
307
267
259
210
246
215
222
72
221
78
234
203
64
67
66
81
72
67
73
67
74
70
70
69
67
68
66
69
67
68
65
65
63
68
66
67
65
61
65
68
67
69
68
68
70
66
70
62
65
66
67
67
69
65
299
290
260
254
212
242
227
239
213
199
221
129
240
227
76
185
64
99
69
289
301
285
250
237
220
233
214
68
89
708
111
110
68
105
90
67
225
224
62
73
67
73
60
70
68
65
64
64
64
69
63
64
67
67
69
64
72
69
66
67
68
64
68
67
68
66
66
68
69
66
62
67
63
68
67
67
68
65
60
68
67
67
62
65
64
68
66
227
73
67
69
246
306
275
250
239
243
227
226
235
208
213
334
118
147
203
148
149
75
70
271
314
292
258
84
261
219
226
217
233
232
225
219
70
82
103
70
69
99
227
69
66
70
94
70
64
72
72
69
72
67
67
64
72
215
67
70
67
230
68
68
67
66
67
65
64
69
69
68
67
72
69
67
67
337
293
289
259
245
233
224
221
217
220
187
241
86
230
62
224
89
61
77
358
315
291
261
254
258
225
227
198
210
206
226
210
67
84
281
115
70
76
223
84
85
67
131
68
67
62
67
62
66
71
63
68
67
70
64
60
64
228
70
66
69
225
70
72
69
67
67
61
69
69
68
66
67
67
63
70
104
69
67
68
228
69
74
68
221
66
69
62
70
76
67
67
67
67
322
283
266
257
230
238
233
213
225
241
204
211
107
69
61
73
68
72
89
345
320
299
269
240
245
234
269
201
105
238
139
61
147
131
67
130
82
67
72
99
102
70
68
72
68
72
66
70
68
223
68
67
62
224
62
67
69
69
67
68
61
72
68
163
310
278
264
289
246
258
201
236
219
231
189
78
107
133
266
67
89
102
76
342
302
273
264
234
233
227
219
67
204
97
69
72
68
66
76
77
67
97
66
113
98
280
77
68
69
225
69
67
65
64
67
66
70
67
67
60
65
59
65
69
146
67
73
65
232
69
68
70
66
56
62
66
65
66
65
67
65
68
64
68
66
65
66
228
62
69
68
222
63
68
68
66
70
66
67
67
67
68
70
66
70
67
64
68
64
65
229
65
66
66
220
274
281
248
270
240
270
229
218
216
79
179
63
84
117
149
137
84
167
227
331
291
277
266
220
236
200
214
75
173
156
77
122
76
69
72
58
72
268
65
74
78
218
66
82
70
73
68
72
70
66
72
68
68
67
62
69
68
67
62
67
225
66
69
66
221
66
69
69
56
226
309
277
261
241
246
273
251
229
212
111
165
48
157
65
86
159
71
82
213
322
310
253
261
248
240
219
230
72
91
176
75
86
67
371
92
67
70
67
73
70
73
260
72
65
70
224
68
71
68
72
67
65
68
64
66
70
66
70
65
62
114
65
62
69
229
70
60
68
225
68
66
69
63
70
68
70
63
64
68
59
67
64
69
329
316
275
263
283
253
236
235
222
216
207
74
232
171
260
233
98
70
78
347
330
302
264
271
250
241
218
220
236
193
181
211
66
63
274
72
1053
68
230
78
74
68
68
69
74
65
67
64
73
66
64
68
73
207
59
68
60
223
71
67
66
223
67
72
66
67
70
70
62
64
68
72
65
70
66
68
227
70
68
65
223
226
65
66
68
336
304
278
259
255
225
249
220
245
222
50
207
66
177
93
227
139
72
70
333
309
305
250
243
239
230
237
220
181
69
118
25
67
114
107
145
64
68
221
106
70
66
212
82
68
65
61
61
67
64
66
76
66
70
58
66
65
224
67
65
68
224
70
65
66
73
69
66
226
306
269
265
250
243
224
228
217
208
172
192
70
163
69
64
89
113
67
227
338
298
274
245
255
231
206
212
216
230
109
154
123
72
94
68
83
72
66
68
65
64
224
99
95
72
70
68
67
69
67
67
65
69
67
65
67
70
69
66
68
224
65
68
69
65
66
306
277
261
282
238
260
238
240
216
213
220
72
93
165
18
102
84
292
63
329
301
286
266
248
210
170
97
218
89
188
165
68
184
65
92
77
101
68
73
72
67
61
69
73
83
66
81
68
70
70
66
72
67
72
64
66
66
69
62
66
67
64
66
64
67
67
69
72
65
68
62
66
66
314
291
257
245
235
230
67
219
216
226
255
217
145
133
74
66
161
124
73
345
301
286
257
258
231
206
197
211
68
150
66
202
65
110
93
80
81
90
83
74
69
65
70
66
73
69
70
62
70
67
67
67
68
64
67
65
68
73
65
69
65
66
65
60
66
64
68
66
70
67
64
69
69
64
67
69
69
61
66
65
67
65
66
233
67
67
68
290
302
275
261
238
230
243
218
208
204
212
227
89
77
246
98
152
91
115
363
288
298
276
252
230
213
228
228
230
213
246
152
80
69
147
98
73
67
73
68
72
80
74
66
65
64
76
68
64
72
69
59
69
223
69
61
71
219
65
67
72
69
72
72
72
66
68
67
67
74
67
65
62
65
65
68
229
68
69
65
69
67
68
68
68
66
66
67
64
63
68
61
60
313
288
268
243
241
235
232
223
253
213
236
214
134
84
70
88
105
75
93
355
309
285
245
261
252
220
209
229
224
206
62
110
70
69
60
97
119
72
83
83
72
81
63
69
60
227
70
65
68
232
67
65
69
69
64
66
68
65
67
66
60
70
64
67
62
73
66
72
233
66
69
72
66
65
72
69
72
67
69
66
66
69
70
70
68
66
66
217
69
67
65
69
66
322
298
267
256
229
239
97
256
221
192
193
212
248
220
128
76
134
104
123
342
313
281
273
243
233
180
202
213
221
200
77
98
130
75
72
66
73
346
69
67
72
67
71
78
66
310
67
65
67
125
66
69
68
65
65
65
66
67
67
67
65
68
72
70
213
73
72
64
229
65
65
66
61
67
66
80
68
68
67
64
319
297
267
253
238
249
96
221
221
218
212
73
91
65
77
84
117
250
74
347
301
300
270
239
244
221
233
211
204
193
118
162
66
67
61
72
168
66
109
75
73
73
71
107
88
245
68
67
65
68
68
68
70
65
68
65
67
65
65
46
68
69
65
64
85
66
64
68
219
69
67
61
64
68
67
67
65
67
68
63
68
70
67
68
68
67
69
194
70
70
65
225
77
67
70
72
65
65
67
67
68
68
66
69
65
67
71
69
309
276
273
249
203
237
163
225
220
217
91
105
87
104
75
81
73
167
86
326
299
250
273
238
242
220
217
66
105
176
70
81
77
69
120
91
64
76
63
72
74
103
71
65
71
73
66
68
65
69
69
57
67
72
68
67
69
65
65
68
69
67
68
69
67
69
68
67
67
67
65
64
67
67
68
68
74
68
65
69
65
67
67
317
284
243
262
235
233
228
142
162
202
84
100
69
4
81
170
74
78
206
341
305
288
262
246
226
221
225
210
236
223
181
72
242
82
138
117
75
134
68
74
118
66
92
70
83
69
67
66
67
69
69
68
68
61
65
68
60
62
69
69
70
67
68
68
66
70
68
69
71
67
66
69
67
69
65
66
65
64
68
68
68
66
72
309
287
260
280
236
235
232
217
138
222
137
100
76
85
68
78
66
89
224
342
297
264
275
238
248
228
60
219
232
225
138
143
65
189
75
66
198
67
71
65
80
62
67
68
64
67
71
68
66
66
69
61
69
64
68
68
68
68
67
63
65
67
66
67
67
61
58
66
65
71
69
60
67
67
58
66
65
67
65
68
70
60
65
68
70
64
68
65
64
67
70
313
275
245
236
257
238
232
220
209
145
110
30
180
83
74
142
93
38
75
330
301
278
259
244
231
237
222
173
225
65
82
93
65
138
74
69
72
97
133
70
94
72
67
69
66
66
68
62
67
78
68
66
67
69
62
66
66
66
65
64
64
69
66
70
68
70
68
70
68
57
67
61
68
64
65
66
65
62
72
69
226
308
276
255
254
216
228
219
217
209
201
149
70
93
143
88
140
96
124
82
340
309
267
130
270
238
233
224
213
226
240
222
73
169
69
81
78
225
233
74
69
67
75
70
94
72
69
67
67
69
62
68
68
68
65
65
70
64
69
72
64
226
66
64
69
77
68
66
68
70
64
67
71
78
66
65
65
66
68
66
66
73
66
67
227
72
64
69
67
70
67
66
67
61
67
66
67
68
65
66
66
72
64
65
69
68
317
285
262
255
248
239
208
223
222
175
123
219
101
82
155
73
75
138
92
322
313
256
262
243
238
203
122
229
229
187
225
66
212
108
69
67
68
84
69
827
108
65
120
65
96
68
65
67
67
221
67
72
70
218
67
68
67
70
65
64
75
69
64
67
68
72
69
63
145
65
68
69
225
68
65
69
68
69
67
69
65
73
64
73
69
65
68
301
286
266
244
247
255
227
232
224
213
213
214
73
73
67
79
163
72
69
349
306
291
270
251
244
231
73
211
212
219
73
80
80
105
69
124
82
73
73
85
68
66
88
73
101
69
70
64
67
226
71
64
70
64
66
54
67
66
62
69
71
69
68
70
66
67
69
58
186
64
69
67
223
69
73
68
70
61
62
72
72
65
65
68
69
68
67
68
64
65
65
227
73
66
66
225
66
66
69
60
69
69
66
71
69
68
65
67
62
68
182
67
64
73
282
257
267
243
109
233
229
229
230
225
76
77
92
82
68
91
90
81
138
326
316
294
285
239
237
228
220
210
214
83
208
122
68
80
74
64
94
78
62
63
73
210
145
104
101
221
63
67
64
197
65
69
63
64
67
64
63
65
69
70
69
66
67
69
227
70
66
69
222
68
65
65
69
74
70
72
67
65
67
62
68
65
67
219
68
63
68
222
78
68
68
66
72
68
276
262
284
264
240
253
245
222
222
210
174
308
172
99
68
132
97
72
105
341
304
278
245
235
238
224
216
98
158
189
80
134
64
68
68
90
73
73
68
80
65
78
64
62
64
67
67
62
70
69
65
69
65
68
73
63
65
64
68
67
66
65
60
73
68
67
67
69
322
296
260
255
82
236
236
211
216
212
78
75
64
104
79
66
92
115
70
339
292
277
269
214
238
220
220
90
133
244
69
76
66
83
74
134
67
73
63
99
85
152
69
68
72
62
68
68
65
72
67
67
63
64
66
66
67
67
72
64
66
70
67
68
65
61
69
63
72
65
66
61
67
65
65
67
66
66
65
73
66
72
68
323
281
252
180
226
229
228
204
198
186
153
94
85
82
106
109
66
64
225
339
286
266
262
219
238
233
237
138
187
198
68
77
85
73
72
62
73
69
70
70
73
65
74
71
86
68
67
69
68
69
67
65
70
67
65
67
68
60
72
72
66
69
66
67
67
64
72
69
65
317
259
260
236
243
238
220
218
216
201
214
80
154
64
77
81
85
134
176
345
302
259
377
234
246
200
222
60
198
106
217
174
64
67
77
676
70
69
69
67
115
77
69
105
87
232
70
64
65
68
68
70
67
70
70
69
67
65
62
68
65
69
65
64
126
65
82
61
225
67
60
70
62
67
69
69
65
66
67
63
65
68
68
69
66
69
62
227
62
73
70
321
298
268
259
262
229
219
181
217
198
74
112
69
235
161
72
67
67
73
342
267
276
274
254
234
213
219
209
221
89
212
106
69
99
68
70
116
69
65
99
72
96
67
70
71
229
72
65
66
72
65
65
65
67
65
68
66
69
66
70
65
66
73
68
206
64
67
68
230
65
65
69
70
64
68
69
66
67
70
69
68
67
70
68
70
65
66
230
66
66
73
68
69
70
62
69
67
68
71
68
67
66
270
280
296
266
242
237
248
224
227
184
84
261
91
116
156
75
139
63
109
335
287
278
260
253
236
235
232
233
236
45
222
83
75
154
152
60
91
69
69
67
101
157
94
114
62
72
62
66
66
67
70
66
72
64
66
69
71
68
66
65
69
61
66
67
69
69
67
65
64
75
65
72
66
66
60
66
69
67
66
65
67
65
72
67
70
69
64
72
61
68
70
68
67
69
66
70
68
65
69
67
70
69
63
74
67
66
66
74
64
304
285
279
259
238
257
235
195
211
173
122
219
109
104
114
72
68
78
70
338
309
252
260
235
243
202
200
177
219
101
244
132
75
86
73
66
66
101
68
69
75
94
68
68
92
68
74
69
67
72
67
66
69
64
67
64
59
69
67
69
62
68
63
69
66
65
67
61
66
68
68
68
69
65
64
68
68
70
68
66
67
66
66
68
66
62
66
66
70
69
67
67
68
65
67
61
75
65
229
315
286
260
240
242
267
248
125
230
218
155
109
68
145
250
132
178
76
229
342
284
272
267
235
246
224
219
94
126
227
68
77
73
66
82
109
69
226
83
65
69
86
82
66
67
165
68
66
69
66
66
67
65
68
60
67
66
67
67
70
228
68
59
70
69
62
67
64
62
69
64
64
65
67
323
298
271
273
226
238
82
245
215
77
161
88
72
89
81
69
75
86
190
341
322
281
269
246
229
229
218
213
226
172
202
75
184
73
66
72
65
107
92
68
72
70
132
65
71
99
72
69
66
228
73
68
67
227
69
66
69
66
65
65
69
60
69
68
63
66
67
69
66
62
65
69
226
68
398
69
224
69
67
65
70
67
67
77
68
64
67
65
64
68
72
217
65
66
65
222
71
66
68
65
65
68
66
67
62
66
66
68
66
65
325
288
268
358
233
237
225
229
227
222
242
233
181
64
69
163
139
65
80
348
303
240
262
241
240
240
218
123
200
114
115
136
60
68
133
78
75
64
64
111
92
106
68
125
101
229
68
66
69
69
68
68
66
66
66
66
72
62
70
65
69
69
67
67
71
72
61
69
68
68
66
64
67
61
67
69
68
64
69
68
64
66
65
65
65
69
67
69
66
65
68
67
67
68
64
68
62
62
67
66
61
66
64
65
64
67
68
67
323
301
269
255
262
232
237
232
218
214
210
211
180
196
112
115
74
76
67
339
312
274
280
262
232
225
255
218
210
218
91
98
69
90
160
87
75
70
67
74
70
72
70
75
63
64
65
68
68
66
64
63
67
62
66
72
61
70
65
66
68
64
68
61
64
73
70
64
227
68
70
70
67
68
56
66
65
65
72
69
64
62
66
67
60
68
66
69
65
65
67
228
73
70
65
67
64
68
72
68
64
323
275
277
250
277
243
244
252
214
211
171
170
156
77
214
67
97
296
113
347
324
281
256
258
235
213
76
226
206
195
239
67
205
68
68
112
237
70
67
72
73
67
65
83
72
68
64
67
68
66
66
68
67
68
61
72
62
65
69
69
65
64
67
66
73
60
73
69
65
68
69
62
69
66
66
68
68
66
68
66
64
60
67
65
63
64
61
66
68
66
310
313
252
248
235
247
152
224
225
203
201
140
77
68
81
70
70
253
70
346
293
289
272
243
245
222
217
210
212
70
168
124
65
102
72
68
78
93
69
68
70
72
127
66
65
67
67
68
67
64
66
69
69
70
69
67
68
69
67
61
68
68
66
67
68
65
74
73
70
67
67
65
73
67
64
67
62
66
61
70
73
309
276
267
235
241
235
224
208
198
207
99
118
84
243
126
76
69
80
227
334
302
286
255
240
237
227
212
68
171
195
68
70
89
87
136
176
71
159
74
106
70
65
74
121
64
69
67
68
69
68
68
65
63
57
68
69
68
66
72
68
61
66
65
69
65
72
64
70
66
64
67
67
67
67
66
67
69
69
66
66
66
67
64
64
73
68
70
66
65
69
69
64
69
69
72
69
68
69
68
67
65
77
68
69
68
66
67
68
68
69
72
67
65
66
310
284
273
252
211
232
219
121
210
212
189
65
69
80
64
84
100
65
67
340
266
270
249
237
250
216
228
67
88
96
232
91
65
68
112
138
66
132
68
75
96
66
85
95
68
228
69
67
69
228
62
74
66
69
68
67
67
68
61
66
66
65
64
72
66
67
64
68
226
66
70
67
225
67
64
66
66
65
66
71
67
61
68
63
68
69
311
283
267
251
255
222
225
236
136
138
201
85
208
194
190
81
106
76
68
334
299
269
262
256
242
223
235
95
156
209
67
128
144
69
144
80
89
66
73
77
72
125
67
62
69
69
69
67
62
70
69
60
70
65
65
66
68
66
65
66
69
67
66
66
72
69
66
67
67
67
68
60
70
66
64
69
66
65
67
67
70
70
67
72
66
69
63
65
70
75
63
329
277
265
238
246
268
235
213
227
223
236
75
212
74
113
102
144
73
68
346
300
276
251
251
227
228
108
222
210
213
70
131
50
80
66
65
99
72
65
70
81
67
82
70
65
67
60
62
67
66
65
60
66
69
66
65
68
66
64
69
66
65
68
68
66
68
67
67
64
62
67
67
66
66
65
66
69
71
68
66
66
70
70
68
65
69
72
70
74
68
67
64
67
66
68
67
66
72
68
69
68
65
291
257
261
242
240
256
68
227
221
181
224
128
71
101
69
68
68
64
83
340
310
279
257
250
242
214
195
225
227
65
205
72
59
69
121
77
66
75
64
72
66
72
74
80
73
218
68
68
70
226
67
69
66
63
67
66
68
62
66
74
69
69
65
66
68
63
65
68
221
68
66
69
64
66
68
66
65
66
70
67
66
64
62
66
64
70
68
221
64
67
68
220
68
69
61
66
67
73
68
62
65
325
292
270
252
233
237
227
227
225
234
236
172
161
70
69
264
74
98
68
347
317
301
259
241
241
236
220
210
225
187
186
122
139
0
70
89
90
66
74
69
59
66
64
70
120
70
68
69
70
64
72
69
65
88
68
64
65
66
72
65
65
72
69
67
66
65
68
64
63
63
67
66
226
65
66
70
77
70
61
69
66
69
64
64
70
61
69
65
63
333
277
281
261
250
246
224
206
218
212
250
201
170
70
76
94
80
172
73
358
315
290
254
246
251
241
198
172
224
223
161
85
178
204
178
76
65
76
85
72
73
66
82
65
65
72
69
67
73
64
70
62
64
209
68
62
68
226
66
65
65
64
64
61
63
67
67
65
66
62
273
288
268
248
246
224
251
255
211
177
207
204
193
66
131
77
65
83
113
107
309
280
270
260
246
226
238
218
50
178
136
49
75
205
68
77
88
72
228
62
71
80
69
85
69
66
63
69
65
64
63
69
67
70
68
68
66
227
68
64
60
75
67
66
58
63
69
67
70
65
64
76
190
309
280
265
269
212
264
233
123
225
205
150
141
70
90
80
84
89
69
75
342
278
292
257
227
228
121
184
232
221
90
211
88
65
73
67
62
100
62
62
73
69
184
64
70
67
225
66
69
65
70
68
64
67
69
66
72
64
60
69
68
68
68
68
66
221
62
66
69
226
65
67
66
68
67
64
67
67
72
63
62
67
65
65
66
69
68
66
223
68
70
63
68
64
314
264
243
290
227
211
256
110
169
177
122
47
161
140
76
154
90
69
107
337
306
278
268
238
233
232
210
212
208
73
104
227
60
89
71
70
72
65
65
75
68
70
63
64
68
235
70
67
68
230
67
66
69
67
65
65
68
68
75
69
68
63
60
67
69
68
62
61
225
76
68
72
224
68
69
68
59
66
69
65
67
67
68
72
66
64
67
67
73
66
68
227
67
68
59
225
69
69
66
69
66
66
68
61
68
65
63
65
62
64
80
66
70
64
69
225
307
277
264
249
234
222
225
221
214
73
97
0
227
70
101
82
76
68
190
325
305
265
273
216
223
238
215
50
203
189
100
112
146
70
159
90
99
74
68
69
64
227
73
76
94
66
64
66
68
66
69
65
67
67
68
67
69
69
72
70
61
69
65
66
224
65
66
66
226
69
68
67
65
70
70
61
66
