70
64
68
301
305
273
259
241
232
230
233
222
72
225
86
150
78
97
190
77
138
76
336
304
267
266
226
239
220
219
92
147
165
110
75
68
99
83
169
78
97
74
153
69
336
69
74
67
62
72
73
70
74
67
69
66
67
70
64
67
68
65
67
227
62
64
66
65
68
69
73
70
65
69
61
65
68
62
69
64
67
68
68
65
69
67
67
65
68
109
301
282
260
246
236
234
234
222
178
153
146
123
135
118
64
156
93
69
113
326
286
266
255
256
219
244
217
225
82
152
238
218
81
218
65
91
100
73
75
84
76
68
72
66
82
81
67
63
69
70
68
67
64
69
66
66
66
73
70
66
66
62
68
64
66
65
68
68
67
72
323
288
269
249
259
230
258
251
212
214
178
72
224
255
157
70
63
78
70
351
320
296
280
244
235
192
182
225
214
232
150
152
234
73
68
128
69
69
94
78
72
74
69
85
68
99
78
100
82
99
66
62
64
71
65
69
65
68
67
70
67
68
64
68
63
69
67
69
67
65
197
296
278
236
242
283
230
241
224
213
102
94
386
126
94
78
69
155
164
69
332
282
267
266
227
216
213
131
233
146
70
97
85
118
64
195
77
68
65
70
64
64
74
67
72
67
71
70
69
67
65
64
67
72
66
68
67
67
68
66
66
68
65
66
69
61
67
299
276
255
281
244
259
233
238
224
218
210
70
84
203
96
115
76
81
72
328
294
272
256
243
249
225
235
67
120
237
82
143
93
67
148
72
219
70
69
69
99
69
62
109
122
98
67
72
67
67
67
68
69
62
70
61
67
64
66
63
57
64
67
67
65
64
66
65
70
69
310
293
260
248
277
222
235
246
217
226
80
165
72
69
173
106
89
164
65
325
299
281
258
256
215
237
217
70
166
217
65
142
82
68
105
61
129
126
77
99
108
70
61
1345
68
68
85
67
68
68
70
62
64
67
66
67
65
66
67
68
65
67
69
66
67
65
66
70
67
68
69
69
64
57
68
65
68
65
230
69
65
58
227
324
273
289
253
249
236
252
223
233
220
159
141
117
195
97
169
78
292
226
340
294
286
265
248
242
228
229
77
175
189
213
93
67
104
184
94
78
279
76
100
73
251
70
63
66
101
88
66
68
67
66
67
66
69
72
68
69
68
69
62
230
67
69
70
59
66
226
306
281
268
277
208
249
230
249
213
220
72
207
71
63
177
67
143
245
140
337
302
282
254
255
226
216
228
235
204
98
212
233
72
61
100
66
157
68
68
62
75
94
67
68
69
94
72
64
65
69
69
64
67
65
68
69
66
65
66
69
211
68
67
70
224
68
72
72
67
65
64
65
61
59
65
72
280
283
260
265
228
235
240
228
217
244
218
203
419
244
262
169
157
78
104
349
306
276
238
260
235
228
283
242
225
109
235
66
169
69
73
78
69
64
72
66
75
69
65
104
70
184
65
67
66
225
69
70
69
64
65
64
68
69
68
65
66
66
67
69
67
62
70
67
225
69
66
72
66
68
64
69
67
69
68
66
66
65
66
67
75
72
331
313
279
271
280
253
269
318
228
152
177
227
217
168
242
244
82
67
72
360
324
288
255
252
229
232
204
162
224
197
229
80
202
72
66
86
288
129
69
67
98
92
155
100
98
70
146
64
72
225
63
70
67
228
67
61
66
67
65
68
72
68
67
66
68
69
67
67
196
66
63
69
225
65
66
67
65
62
68
64
65
65
61
63
68
65
65
66
67
67
66
223
66
64
69
70
67
68
65
69
68
319
299
266
268
233
237
232
219
201
233
251
214
147
67
157
242
123
113
116
332
289
273
253
238
233
240
225
65
202
66
190
184
66
164
82
182
64
69
90
187
102
100
66
125
65
66
66
68
69
67
69
67
67
72
68
66
72
68
70
66
65
71
65
64
60
68
73
61
67
64
71
68
71
65
66
68
64
68
64
68
69
66
66
64
66
68
65
65
69
60
58
61
65
63
66
68
304
287
260
255
245
235
247
252
218
233
198
213
157
268
92
128
113
67
105
346
316
298
260
246
248
212
170
236
203
187
190
68
226
68
68
73
300
66
66
68
66
70
69
82
67
66
69
68
67
224
68
68
66
170
65
71
72
67
68
69
67
67
65
68
68
69
68
62
227
62
72
68
64
324
306
276
264
252
238
242
236
218
211
66
233
105
76
68
65
128
64
165
347
330
307
279
226
236
229
227
232
231
137
69
210
97
84
85
73
67
113
74
72
72
85
84
77
68
96
70
69
69
63
66
64
69
64
63
58
66
68
67
68
66
65
70
65
60
66
72
69
69
316
297
233
256
277
232
219
227
198
250
155
187
106
62
96
70
99
180
158
317
304
260
260
255
206
241
211
84
196
193
105
69
142
60
97
350
86
76
73
100
70
96
83
70
185
67
69
65
64
66
64
59
69
68
68
64
64
65
66
69
68
64
68
73
59
72
66
59
62
65
60
68
70
322
285
276
249
242
236
227
236
244
205
230
90
154
62
64
98
83
72
70
347
321
297
266
234
250
238
101
227
236
92
132
79
227
143
68
82
206
69
69
72
69
77
76
76
74
74
68
68
61
66
66
60
67
67
68
70
67
68
68
75
67
69
65
62
72
68
67
66
66
69
294
298
268
256
259
234
241
192
226
249
68
147
104
168
172
172
74
72
305
197
336
297
237
271
232
232
237
216
88
140
106
73
69
72
88
68
83
184
101
76
68
66
67
69
73
97
106
70
66
69
67
68
64
70
69
65
67
68
61
67
67
66
65
69
65
61
67
64
68
70
74
72
70
68
68
339
297
280
257
248
253
241
228
222
248
251
184
203
67
109
95
140
67
94
349
312
281
255
248
252
235
299
234
236
231
157
85
66
66
59
67
131
90
70
76
67
68
67
65
58
63
64
65
66
68
66
66
68
66
64
64
64
69
69
67
60
66
67
69
65
63
72
67
70
70
65
71
321
302
262
252
237
243
123
219
217
234
204
216
120
72
331
192
94
69
77
355
312
289
255
253
232
224
232
101
201
147
212
154
156
392
197
123
146
108
74
69
73
69
80
59
73
68
77
70
68
67
65
66
67
67
67
65
66
67
65
60
66
70
64
68
58
70
64
324
278
258
252
248
239
232
230
214
213
170
129
80
78
76
190
131
86
213
338
316
300
244
246
254
236
83
131
258
199
38
181
211
69
191
97
76
149
67
75
68
82
66
69
85
66
80
65
62
66
72
70
67
64
66
69
69
65
70
68
67
68
69
72
68
57
65
62
60
75
67
67
67
64
313
309
269
256
258
246
217
198
221
198
216
200
95
66
165
86
70
74
68
300
307
285
298
265
230
142
238
220
218
200
192
139
73
332
196
91
182
95
74
72
67
93
68
74
96
67
64
69
65
69
68
72
70
66
70
72
67
68
66
71
67
68
70
66
71
69
67
67
316
312
266
280
245
235
173
220
240
164
226
254
226
67
235
71
85
65
65
340
301
267
235
239
245
220
208
90
155
212
105
73
101
67
73
82
81
69
73
80
69
77
70
67
99
71
67
68
69
67
61
67
62
66
66
67
59
64
64
68
66
69
72
69
63
69
65
68
68
65
315
296
277
286
242
244
236
222
73
220
149
228
130
69
157
193
139
155
67
350
321
277
264
250
253
68
211
230
178
169
72
68
73
77
89
131
90
129
118
67
77
73
84
66
89
72
88
70
63
69
69
70
66
67
68
61
69
66
65
67
63
67
65
65
66
66
61
67
70
66
297
289
288
252
109
242
252
148
221
178
149
155
120
69
264
61
171
126
166
336
310
285
254
244
233
177
200
202
91
218
91
69
78
70
84
70
151
77
69
66
96
117
100
93
67
68
72
107
65
60
70
68
67
71
66
64
58
70
65
59
65
68
73
57
68
59
69
62
67
65
63
64
59
313
272
281
259
73
244
254
142
220
210
234
139
97
72
62
93
134
67
171
297
289
272
238
218
236
230
225
69
157
199
96
72
63
125
102
80
72
93
65
85
74
69
69
64
69
63
64
63
68
65
68
61
65
68
66
70
70
68
64
61
62
67
64
62
67
62
72
67
66
65
308
313
248
272
245
241
189
227
220
219
219
220
196
81
254
70
162
69
130
350
313
289
266
251
235
235
227
225
238
93
78
204
86
81
150
74
91
66
68
78
62
133
71
63
98
77
72
66
68
69
68
68
69
69
65
63
66
69
68
66
72
69
64
65
72
69
67
72
69
70
65
62
68
68
69
63
68
66
70
62
65
66
69
64
68
64
62
66
69
65
65
330
297
277
250
261
243
269
235
222
149
249
220
170
167
196
259
69
69
73
363
323
285
277
252
221
229
238
147
212
194
159
147
172
254
71
129
162
79
66
104
132
105
68
102
109
74
65
70
64
61
66
67
72
69
62
65
67
72
62
65
66
66
67
69
66
64
62
69
68
66
68
69
322
297
258
252
253
242
235
228
253
75
221
186
68
208
222
229
69
66
66
346
324
288
261
249
255
242
304
222
233
201
229
109
229
129
236
69
76
76
236
69
90
78
83
71
89
82
70
65
69
70
66
67
68
150
72
70
69
227
66
66
69
70
69
69
70
62
65
63
73
66
63
69
70
68
70
69
227
68
69
71
225
69
61
70
66
67
68
67
69
67
74
333
310
272
275
255
229
230
264
75
256
178
206
204
218
72
223
72
94
72
326
332
305
269
261
255
244
220
171
223
173
228
154
197
209
226
71
324
65
181
76
75
98
69
65
91
91
68
74
68
60
66
66
62
226
67
68
65
224
67
64
66
62
71
73
67
64
66
68
65
73
64
68
67
61
69
68
230
68
72
69
223
72
70
70
70
65
64
67
64
61
68
70
65
64
63
216
63
74
66
65
70
317
302
281
259
240
240
266
225
202
212
187
228
98
69
171
89
188
56
73
346
319
289
262
224
221
232
220
195
240
140
205
235
169
391
72
69
66
75
65
70
70
66
68
68
67
67
61
67
64
232
70
69
68
233
71
68
64
64
69
65
68
65
62
67
62
65
66
66
65
66
69
62
69
68
67
333
317
269
269
240
272
239
228
221
107
224
259
192
229
108
195
66
73
85
362
288
281
244
249
239
224
232
219
212
228
225
113
234
73
69
65
65
75
85
62
70
146
71
69
72
118
70
69
67
73
73
70
67
69
66
62
68
66
64
67
66
68
67
69
65
69
69
65
67
67
67
66
61
69
65
70
69
68
68
68
70
69
64
68
73
70
63
69
65
318
297
282
256
76
242
219
76
241
161
108
62
143
67
291
81
148
66
69
328
314
284
257
258
232
212
216
222
220
223
202
178
70
118
181
69
168
66
67
70
65
65
65
68
67
65
68
65
68
67
66
68
66
67
65
62
70
70
64
70
69
63
72
64
68
64
69
69
67
60
69
67
69
68
68
66
66
67
68
66
68
65
64
68
63
68
68
65
65
66
69
67
69
68
68
317
286
273
246
65
238
238
197
212
161
120
169
129
66
265
93
156
94
102
332
310
278
260
248
242
224
224
207
158
180
180
181
84
72
90
171
75
68
91
77
77
85
67
102
68
68
70
66
62
60
67
66
69
68
67
68
66
69
66
62
68
68
65
66
69
68
64
66
67
64
67
68
66
66
69
70
317
286
242
260
252
245
226
74
223
128
257
80
127
67
76
66
74
152
91
347
300
240
273
243
241
222
236
224
233
67
204
116
66
68
157
65
166
68
66
70
70
71
86
68
78
213
67
64
71
72
66
62
68
64
64
69
69
67
69
65
70
60
64
72
66
67
65
68
224
67
66
61
70
61
65
68
65
64
65
72
300
296
282
257
259
276
237
217
219
212
209
213
96
75
78
68
70
132
114
355
312
296
228
257
243
158
132
216
214
210
70
46
61
72
200
100
76
112
72
78
77
70
67
76
69
74
68
65
71
227
67
66
67
69
67
64
59
67
66
67
61
66
67
60
62
66
66
68
197
68
64
68
67
74
71
64
66
67
66
68
66
64
70
68
342
299
259
256
248
240
227
221
255
174
190
170
168
76
160
260
70
75
66
362
328
297
270
262
243
219
216
148
235
143
224
102
154
198
91
131
73
67
80
76
78
84
64
68
72
65
69
66
74
68
64
66
68
225
71
68
65
67
67
67
69
64
64
66
65
60
73
63
67
336
297
276
253
266
248
233
228
211
213
174
91
222
232
77
289
61
69
68
76
80
72
101
332
290
283
250
246
234
220
201
217
141
251
246
132
58
223
203
85
73
114
67
44
69
67
70
67
67
227
64
67
64
202
69
70
67
65
66
64
68
68
61
68
67
67
69
66
72
66
69
65
232
72
69
64
68
64
61
66
72
66
68
68
65
64
63
70
294
260
303
258
244
237
262
254
198
225
200
216
178
131
150
84
67
80
71
349
316
290
261
248
230
232
89
240
232
143
202
70
186
109
78
69
72
72
97
69
69
69
75
68
70
70
68
65
67
73
69
66
69
72
67
71
64
65
66
71
67
66
124
65
65
72
73
66
68
64
73
69
65
68
65
66
66
65
64
64
73
67
65
67
69
65
68
67
64
68
68
69
66
70
66
66
72
67
64
329
297
262
368
241
244
230
256
214
211
218
197
104
58
288
126
77
170
69
350
313
278
259
250
249
232
245
222
213
81
218
118
69
173
80
73
63
66
67
94
71
72
72
70
74
221
69
62
66
76
69
62
65
70
69
67
62
66
68
73
64
64
64
63
69
58
71
67
319
265
293
261
242
249
237
220
222
212
192
217
206
74
70
175
102
130
64
328
297
288
253
245
232
227
129
242
232
202
225
68
180
107
93
162
157
76
84
96
92
94
60
96
62
65
65
69
66
232
65
69
62
72
69
69
70
68
62
70
68
68
65
65
75
72
65
288
266
254
242
240
228
228
218
212
152
205
112
70
243
337
143
65
99
232
330
304
284
259
231
227
233
209
213
82
159
187
68
70
160
68
365
79
233
70
68
73
73
66
74
69
80
68
69
65
68
66
61
66
91
62
63
73
71
67
66
232
70
66
64
66
68
63
65
65
66
68
67
64
69
65
65
71
68
60
219
62
69
64
228
64
65
64
67
72
70
68
67
70
67
69
61
68
293
280
248
248
208
236
224
216
225
164
149
67
68
75
67
130
66
66
85
323
294
274
242
233
204
232
219
70
238
237
171
73
104
365
115
198
77
72
73
62
113
66
73
65
92
65
67
72
67
65
68
68
69
69
68
67
68
66
71
68
70
70
69
72
65
67
69
68
321
296
261
251
243
233
218
218
208
156
156
54
139
211
70
210
75
64
73
333
303
276
259
254
230
185
171
227
170
75
216
90
88
85
188
75
198
62
114
97
97
68
69
105
115
78
62
64
65
67
68
68
67
70
62
61
65
63
64
65
66
69
67
63
66
62
68
66
314
312
267
271
235
236
237
216
221
231
205
139
164
92
190
116
130
85
75
309
315
284
280
251
245
178
146
236
227
209
70
49
112
75
72
124
69
72
99
67
74
72
69
69
73
66
71
65
66
72
73
688
65
238
62
64
68
73
64
69
69
71
75
66
66
61
64
68
68
65
69
63
134
67
65
65
230
62
64
67
70
67
71
66
69
66
65
72
60
326
303
270
243
243
234
236
267
156
221
215
163
101
271
74
92
99
93
77
354
321
293
239
249
233
204
233
128
232
109
165
67
234
76
64
92
106
71
68
72
75
69
90
81
69
62
62
65
65
70
67
62
69
234
68
63
72
175
74
68
60
66
69
62
65
68
61
64
64
64
74
332
294
266
259
233
227
226
224
141
256
221
92
138
230
59
176
98
90
72
66
126
69
104
342
306
285
267
244
251
227
224
219
76
81
230
99
73
100
69
131
160
102
66
72
67
70
73
87
65
65
67
69
68
66
67
70
61
66
67
66
64
67
67
69
66
63
64
62
65
66
333
285
293
253
229
265
237
233
233
114
204
174
164
71
245
96
80
66
130
356
328
299
262
268
243
217
233
230
160
174
68
173
68
289
116
82
155
69
137
62
70
69
72
69
65
68
72
59
69
68
69
67
70
65
67
70
74
67
59
68
64
65
70
66
72
67
65
66
60
67
68
66
66
66
68
69
65
64
68
314
302
276
261
241
250
228
206
228
78
108
72
163
69
212
89
108
76
66
330
285
271
255
240
238
203
200
212
112
66
205
70
120
74
90
99
69
64
72
75
66
82
69
81
97
68
66
68
70
62
61
66
63
59
70
69
67
64
66
66
66
72
67
67
67
64
72
68
61
69
70
68
66
67
66
64
67
67
71
68
233
310
246
248
232
78
235
232
179
216
209
98
159
69
68
235
88
115
163
173
344
312
292
272
244
238
185
197
218
227
163
112
220
69
78
148
68
150
74
68
69
81
233
73
72
91
196
65
72
62
64
68
67
62
59
65
65
65
67
68
72
126
66
67
64
229
70
69
316
313
268
269
241
235
170
217
164
225
214
216
66
149
217
197
147
100
74
349
314
296
272
222
246
233
271
219
217
213
76
61
114
77
75
83
96
76
69
72
73
68
67
77
66
92
68
55
65
233
69
70
73
64
66
67
70
66
62
65
65
65
62
63
66
70
65
70
230
65
70
71
91
65
71
66
69
64
68
68
70
63
69
67
67
64
69
226
73
66
65
225
70
70
62
66
65
310
292
263
253
104
236
248
105
246
237
140
67
68
168
233
81
69
140
141
335
305
275
248
242
235
205
234
65
144
206
180
76
65
69
133
52
121
74
65
67
65
110
83
66
64
68
61
72
66
68
65
62
67
61
64
65
60
65
69
70
63
69
70
68
67
69
67
65
68
67
67
68
65
68
65
66
68
62
63
69
70
65
68
337
304
272
264
238
266
225
337
209
221
222
183
83
99
102
113
82
82
73
344
321
297
253
241
214
92
236
219
212
214
147
73
64
100
66
235
128
70
69
72
110
65
62
72
64
72
65
70
69
228
67
69
72
234
66
70
68
69
67
69
61
72
64
62
66
63
65
66
232
67
65
72
67
67
60
325
306
267
253
256
243
227
218
217
68
204
258
205
72
154
249
81
70
69
351
328
300
270
261
250
245
222
142
230
177
313
68
204
205
181
82
73
65
65
67
72
75
68
65
85
65
68
69
73
68
67
68
66
67
65
65
66
66
70
69
70
62
64
72
67
67
310
279
243
242
241
250
240
221
76
233
238
95
65
185
86
145
62
69
142
328
275
283
257
232
224
237
216
176
161
69
172
61
366
66
131
44
69
116
66
98
89
62
69
71
70
68
64
69
68
66
65
74
68
64
67
65
67
65
73
66
65
66
67
66
68
67
64
65
68
69
66
66
68
60
66
65
64
70
90
285
285
277
249
259
245
236
225
234
210
200
230
126
67
339
139
156
70
98
336
300
273
316
240
224
202
217
77
192
66
236
96
68
68
85
352
69
72
71
75
70
65
145
66
70
228
68
64
72
231
67
68
68
65
64
65
66
69
66
66
67
63
65
70
165
68
64
67
233
62
67
69
60
70
70
303
286
266
245
253
251
224
226
220
218
206
209
90
75
202
70
100
75
95
302
284
281
258
247
243
211
217
215
193
209
70
105
60
66
81
67
131
68
75
68
80
76
177
70
84
231
67
66
61
228
65
67
74
70
67
64
68
68
65
64
69
68
70
67
197
66
69
62
233
70
61
67
66
71
65
62
74
328
288
300
250
248
222
228
219
218
201
243
139
210
164
95
256
79
78
72
358
310
281
247
240
227
224
224
195
177
149
69
129
111
360
74
102
186
67
128
108
106
81
69
72
75
98
67
66
67
218
65
65
61
233
74
69
64
65
67
64
64
69
69
67
66
60
67
66
73
67
67
65
313
280
254
242
248
229
218
193
221
219
175
64
67
179
73
79
89
69
65
340
306
272
267
238
243
130
237
70
189
130
219
64
66
102
77
182
70
154
67
76
69
69
67
90
68
68
65
65
72
67
69
70
69
68
66
62
65
72
65
65
61
67
65
68
67
68
65
67
70
64
65
66
68
68
64
72
60
65
73
68
70
181
312
287
262
254
86
237
232
91
211
192
100
124
64
74
179
114
67
173
69
338
292
277
272
227
220
84
213
85
176
86
199
106
61
73
136
73
70
123
66
73
66
236
69
131
130
230
67
69
69
68
67
63
65
72
67
62
65
66
67
76
84
69
62
67
228
62
69
72
69
341
296
277
252
243
242
202
228
104
207
217
78
249
76
64
260
97
67
66
352
312
274
274
256
237
222
228
229
226
141
315
73
230
193
93
98
65
62
98
66
73
69
72
82
69
70
69
67
68
97
64
67
64
230
68
66
63
62
68
69
71
67
67
68
64
72
230
300
272
258
277
107
248
240
189
201
216
135
139
68
145
288
71
66
74
255
324
299
240
253
253
210
240
235
163
94
68
114
138
249
69
162
80
69
253
74
69
114
227
68
79
75
65
65
68
66
68
65
67
67
65
60
66
67
69
73
65
233
68
62
61
227
72
72
66
62
66
293
285
304
252
242
236
145
216
227
188
222
76
117
126
83
85
77
83
67
343
288
256
254
254
234
117
226
67
226
68
202
123
76
176
164
74
73
124
70
69
69
70
79
73
68
244
62
66
66
229
64
66
67
65
69
69
65
64
66
67
67
66
66
60
193
68
67
69
72
67
67
70
315
258
273
262
242
237
234
240
106
216
216
78
93
87
117
258
136
67
72
349
318
289
275
262
252
238
124
117
220
182
202
172
99
148
65
76
154
69
83
63
69
70
72
72
67
69
61
67
69
70
65
67
578
57
65
65
67
68
67
77
68
69
66
74
68
67
69
68
68
72
67
66
68
65
66
70
61
66
67
65
59
65
68
67
72
69
67
67
66
68
70
70
312
277
297
253
72
234
222
157
178
188
218
98
56
109
113
69
70
62
64
329
301
258
258
245
225
237
217
112
201
207
66
72
106
66
124
82
114
88
74
95
73
75
73
72
70
68
62
64
68
70
69
61
68
67
69
68
66
65
61
72
66
64
65
63
69
67
73
65
69
65
66
66
61
67
67
65
68
69
62
71
66
313
253
259
261
240
234
235
227
210
246
237
128
92
78
138
94
65
130
97
342
307
275
266
250
237
216
82
216
221
212
234
144
226
341
104
82
82
106
67
70
69
66
99
73
98
66
60
66
60
65
67
67
67
66
67
69
63
64
66
61
67
64
68
64
74
333
299
296
260
241
241
259
245
91
218
249
85
186
236
64
196
63
163
70
116
68
67
79
300
274
281
246
244
229
233
224
225
211
194
68
218
185
366
94
75
100
68
73
60
69
93
92
58
76
82
65
60
64
62
66
68
72
69
66
69
70
69
67
68
66
65
68
67
66
60
68
62
64
62
65
68
67
68
67
329
311
285
244
245
236
234
217
216
218
92
220
128
62
155
176
75
161
64
340
313
281
267
242
238
236
238
84
162
130
75
88
65
121
202
81
95
70
65
66
67
72
68
62
68
65
67
69
67
226
64
67
68
230
68
69
66
67
72
61
62
73
67
66
66
66
68
66
65
69
72
67
229
69
69
72
69
68
324
297
275
226
237
243
255
219
171
205
228
140
218
113
125
178
78
70
73
361
332
292
261
248
226
220
230
236
226
98
234
140
99
146
81
62
74
78
105
90
69
67
99
71
70
69
65
62
67
69
64
66
62
63
64
67
66
65
67
68
65
67
68
72
60
70
61
65
71
64
66
316
276
243
233
262
238
190
228
212
155
234
110
206
242
193
77
115
76
84
329
277
260
259
260
223
224
212
136
70
72
156
73
69
76
129
84
72
70
89
100
67
69
73
70
69
71
65
61
61
66
68
62
64
64
61
69
66
64
70
65
68
65
65
67
64
68
72
68
310
241
226
242
77
226
228
194
200
214
245
152
72
182
70
166
66
67
208
342
297
265
264
240
237
224
218
78
174
192
65
63
137
143
115
67
70
149
141
67
91
238
123
72
69
65
52
62
68
68
67
75
69
68
65
64
66
67
68
64
234
67
65
65
232
67
67
68
68
66
67
65
70
62
66
68
69
69
68
61
65
70
67
228
66
67
64
65
63
64
66
68
70
65
70
192
321
290
264
279
242
259
218
80
217
235
204
122
70
91
74
138
72
113
69
339
303
273
258
256
214
229
219
213
212
213
204
106
61
64
73
333
68
73
88
69
70
228
114
69
66
231
61
65
67
67
66
67
67
67
72
66
69
66
67
67
67
69
73
65
232
70
64
68
74
61
68
228
309
291
240
252
243
228
163
209
213
194
222
101
119
218
81
96
75
75
144
326
290
275
264
242
238
206
218
69
91
182
93
112
84
98
100
70
108
78
67
96
67
261
66
65
72
235
67
64
67
64
66
75
68
66
68
69
65
63
62
68
188
66
65
72
65
63
316
286
256
256
226
233
234
214
218
209
97
132
106
78
180
84
68
94
77
336
304
293
252
238
222
221
215
227
230
139
237
134
129
82
66
92
93
68
62
65
112
69
66
70
67
77
65
67
72
66
62
68
64
69
68
66
67
69
65
60
69
67
64
64
70
70
65
70
67
63
67
64
69
63
312
289
268
253
248
237
200
232
104
225
220
91
220
229
67
206
68
82
72
355
294
282
258
252
236
238
215
128
198
229
226
185
227
222
113
117
66
93
69
66
70
52
68
70
69
65
68
65
70
66
66
67
65
66
65
68
67
66
69
63
67
67
65
70
62
70
67
70
67
65
63
72
62
66
69
68
321
284
269
340
236
238
239
229
218
211
174
218
122
102
76
76
75
70
72
333
296
283
245
251
231
135
94
218
210
156
214
66
232
74
125
68
99
89
85
72
74
61
90
97
67
63
64
66
69
230
68
69
62
68
66
64
69
64
59
72
66
67
68
62
68
65
67
66
233
64
66
59
67
67
62
70
306
281
278
245
226
235
98
232
219
212
212
217
170
61
209
72
128
61
72
329
297
292
274
237
189
209
230
74
178
193
217
68
49
69
88
259
130
66
72
102
85
192
74
67
62
225
61
66
64
68
67
70
68
68
67
67
69
68
73
65
69
69
68
61
70
69
68
326
288
286
252
232
228
216
221
162
214
229
202
230
265
167
197
77
172
67
342
309
268
245
246
234
230
217
104
228
196
127
184
240
99
227
61
94
65
227
74
66
64
74
73
72
64
66
65
64
70
68
67
66
166
58
66
67
228
68
63
69
64
65
69
68
64
64
67
67
68
322
305
286
255
237
231
209
223
88
209
115
213
216
68
74
244
73
72
70
337
305
282
261
236
227
233
298
190
214
97
230
67
153
67
70
70
148
76
76
65
77
70
92
84
65
70
69
67
67
229
66
69
70
229
68
60
70
60
69
66
62
70
61
67
67
65
69
65
69
69
61
69
67
325
289
292
252
237
243
248
242
137
208
232
73
191
164
251
257
268
75
98
89
70
92
101
333
288
291
232
251
238
211
326
210
69
201
215
65
75
91
76
116
257
66
90
65
69
68
193
66
68
69
67
61
69
67
69
66
66
73
70
64
65
66
61
70
62
66
67
70
66
66
67
71
73
68
325
289
243
260
269
259
232
219
211
162
211
218
170
87
235
92
72
72
65
342
261
281
267
244
249
233
216
222
211
164
200
153
196
83
66
68
86
73
73
65
67
72
65
65
69
74
69
64
64
66
66
67
65
67
58
67
65
66
69
70
70
70
66
66
66
65
65
67
74
66
67
69
65
306
283
268
242
237
225
217
97
186
211
189
64
108
195
46
80
68
236
65
310
283
269
242
254
202
230
197
65
132
224
66
70
92
68
140
89
64
81
69
65
99
69
68
78
60
188
65
67
65
72
65
69
67
69
70
65
65
67
69
67
68
60
64
65
74
66
66
312
282
257
256
224
229
224
216
189
232
172
212
171
190
62
130
80
67
74
332
302
272
252
242
240
192
72
200
105
201
105
68
141
46
202
129
132
66
69
68
69
68
72
86
68
97
69
68
69
58
67
69
64
69
64
66
71
67
66
67
68
69
66
69
65
69
65
65
69
72
68
67
72
67
68
71
65
72
68
69
68
56
70
69
65
62
65
72
67
264
244
281
249
236
256
223
201
220
210
179
219
125
67
102
93
110
122
83
328
304
282
268
251
235
222
281
219
185
208
97
58
68
66
76
65
232
105
67
68
75
122
74
68
63
65
73
65
59
234
70
64
67
66
70
63
70
66
70
64
66
69
68
70
66
69
67
68
66
68
69
65
169
65
65
69
64
66
56
63
68
68
62
65
66
70
71
67
69
73
64
68
64
63
72
70
65
67
72
313
281
258
261
240
237
242
221
211
215
208
220
129
96
72
148
94
67
69
330
296
277
274
258
226
222
214
76
217
229
204
153
68
78
76
76
76
73
66
66
70
218
90
67
67
235
65
69
70
67
69
68
60
68
69
65
70
67
74
67
70
67
67
65
235
73
67
68
61
318
277
293
246
238
274
228
221
224
67
208
238
66
68
226
133
64
69
67
346
316
297
241
246
249
213
226
229
146
205
83
137
129
114
242
98
69
73
76
68
68
98
75
96
67
104
67
67
69
61
59
69
66
234
69
70
71
88
70
64
70
69
65
69
68
66
62
62
65
69
70
62
80
312
300
264
243
209
227
217
213
214
88
211
96
98
112
85
68
80
147
244
298
288
262
245
240
226
225
220
170
116
70
131
221
64
229
74
113
67
234
69
68
101
85
90
73
91
66
68
68
64
68
69
65
67
70
66
66
67
67
70
72
65
65
70
66
68
66
62
61
67
66
65
315
280
284
251
242
230
210
214
235
226
216
138
205
258
67
208
77
71
113
323
298
255
259
252
227
213
229
221
180
221
86
82
72
67
152
68
72
62
69
94
69
66
98
75
73
69
65
66
62
67
68
68
66
65
64
67
66
67
72
65
70
69
70
68
69
64
62
64
69
73
67
317
310
266
245
244
233
250
281
161
219
179
230
208
93
66
138
76
189
69
342
317
280
261
242
233
201
113
213
141
226
72
74
74
153
144
147
66
72
73
64
70
68
66
88
66
69
64
65
72
208
66
66
68
233
69
64
67
70
69
70
67
67
64
64
69
67
60
60
73
70
308
305
272
249
226
261
196
204
212
183
173
239
171
64
229
191
81
77
254
337
299
283
248
253
223
233
211
83
175
206
136
113
73
68
139
65
69
234
69
73
73
63
78
70
65
62
59
69
65
66
66
63
66
66
62
66
198
65
67
67
229
65
68
67
66
67
67
61
65
65
64
73
65
66
61
229
72
69
69
64
67
302
276
266
242
257
228
220
210
221
74
99
86
214
66
152
110
69
67
84
319
289
268
261
228
218
230
228
203
162
158
182
129
82
149
144
105
63
73
73
70
76
67
59
73
96
68
65
61
66
62
66
67
68
65
64
72
70
66
60
67
64
66
69
70
68
62
66
61
67
70
64
70
67
304
281
261
249
253
232
213
223
198
209
192
174
225
224
70
172
69
133
80
348
300
277
266
249
228
226
226
185
219
192
205
161
228
0
183
86
82
149
118
178
73
69
62
74
75
69
67
66
64
67
68
67
68
73
63
65
68
69
62
62
69
68
65
72
69
64
66
63
66
72
67
69
330
309
277
257
238
242
221
211
206
216
114
224
204
220
118
241
68
69
70
334
310
282
280
242
238
225
230
384
112
228
227
90
65
205
63
70
85
68
65
68
77
68
115
68
66
72
64
73
68
67
63
64
67
61
69
65
72
68
66
67
64
62
67
66
69
62
66
62
68
69
69
307
277
260
246
241
228
233
224
209
102
105
83
205
181
196
74
113
92
68
316
283
270
259
242
174
217
211
62
196
66
226
76
72
68
137
68
72
124
72
66
72
65
70
88
65
66
66
67
62
65
67
66
56
65
64
69
66
59
73
67
68
72
70
60
69
64
73
69
307
280
253
237
225
232
212
153
208
156
202
68
62
155
56
128
72
221
70
317
265
258
254
235
223
213
217
89
115
133
173
70
96
72
76
68
86
70
65
64
75
73
69
109
67
62
74
65
61
68
68
70
65
67
69
67
66
64
65
65
70
65
67
64
62
67
70
62
68
75
67
68
68
71
300
275
244
282
247
222
230
218
221
219
164
177
142
70
128
332
69
130
185
318
293
276
234
237
219
221
228
229
213
219
169
113
75
119
83
71
94
63
73
72
69
83
75
65
61
64
70
70
69
65
63
66
65
68
70
60
70
58
64
66
66
69
69
72
68
67
70
64
65
70
73
62
64
65
64
66
56
72
68
65
65
66
70
66
59
65
69
68
66
67
67
68
66
65
67
68
62
65
61
81
65
297
259
267
281
240
245
158
223
212
207
228
201
65
89
82
80
67
74
76
336
299
278
257
244
237
171
89
206
211
213
120
192
72
117
147
77
65
158
94
99
102
97
92
96
68
68
65
79
66
64
68
68
66
67
67
66
59
67
66
66
61
73
69
66
65
65
65
75
63
63
326
302
269
273
236
223
232
217
198
220
86
207
200
83
75
192
77
67
67
343
318
259
274
261
245
241
326
206
197
185
200
69
202
139
79
124
81
72
106
101
72
66
84
93
69
68
70
65
69
230
69
68
69
230
69
68
71
67
67
69
68
69
62
70
70
67
65
62
59
70
70
321
287
275
243
227
234
174
217
224
197
217
93
165
125
190
73
114
74
122
338
290
286
373
249
231
234
216
109
200
102
201
102
70
246
80
73
74
112
72
90
67
99
85
69
70
322
69
66
68
65
70
67
64
64
69
67
70
72
62
65
70
62
68
66
72
71
64
66
65
314
286
262
234
242
230
122
219
225
229
222
204
153
85
64
147
145
67
81
336
293
273
338
248
212
121
193
88
209
0
230
153
77
133
89
75
65
99
70
69
77
98
73
69
59
235
67
69
62
228
67
67
66
65
66
67
66
68
70
69
68
76
66
66
211
70
65
72
66
320
287
251
250
240
242
225
114
221
152
213
190
67
67
68
196
100
65
269
347
319
292
268
259
238
233
216
95
221
188
224
130
158
186
283
80
73
68
59
77
73
71
69
69
69
65
64
70
64
69
68
67
70
226
63
65
68
65
62
68
69
67
62
66
68
68
63
64
69
65
66
320
299
274
257
248
241
226
230
218
67
209
249
80
188
232
138
70
120
69
332
329
264
249
242
244
193
232
233
92
94
209
71
75
177
243
114
115
70
232
89
101
65
67
66
67
69
67
65
68
67
67
63
65
67
72
70
67
72
70
68
66
68
68
64
64
62
67
68
