69
67
65
65
68
302
283
251
264
237
230
216
152
252
118
210
105
70
75
155
82
72
317
68
339
277
267
249
237
244
147
123
211
68
234
85
93
178
80
67
140
69
86
83
108
83
67
66
67
66
66
66
73
67
69
68
68
64
65
69
68
66
65
65
68
65
69
60
64
69
67
66
66
72
70
69
68
64
63
64
73
66
65
67
68
69
68
68
68
62
64
69
64
72
66
72
316
252
262
265
240
221
220
201
217
196
176
67
189
109
240
70
67
86
70
329
302
283
326
258
245
240
227
219
224
220
222
112
72
65
70
71
165
64
70
73
61
68
94
68
64
229
72
65
64
67
67
68
60
67
61
69
65
64
67
68
72
69
62
64
64
68
65
68
233
66
64
66
62
65
65
72
59
68
63
66
68
68
59
66
65
68
72
71
301
271
276
245
237
239
244
221
209
171
133
65
154
104
78
90
69
81
72
329
286
278
265
243
246
66
68
213
67
208
88
116
209
180
77
72
182
67
103
63
73
75
73
68
70
69
69
89
70
69
69
67
70
68
65
72
69
68
64
62
66
67
68
64
66
69
69
66
68
66
65
68
67
64
65
66
67
68
71
69
67
307
275
254
255
226
229
224
217
220
170
90
64
185
77
109
72
75
69
76
326
286
283
237
246
230
232
219
225
211
115
219
171
136
117
69
157
75
70
74
116
100
72
94
66
64
65
67
67
67
66
68
69
67
67
65
64
73
67
70
64
70
68
69
67
66
65
68
70
70
68
69
66
67
67
64
67
61
68
65
67
58
66
68
66
70
60
66
64
66
69
69
67
67
69
66
65
68
68
65
66
68
63
70
76
64
286
265
277
280
266
237
223
221
106
226
213
147
202
207
70
132
125
83
74
330
320
283
241
244
241
213
225
230
60
111
122
82
212
64
261
94
74
64
73
62
67
75
72
70
67
68
69
64
63
64
68
71
67
70
68
67
69
67
64
67
70
64
68
66
64
67
70
67
66
69
68
59
64
64
67
66
67
72
66
67
67
66
68
68
69
59
74
69
324
296
266
258
271
264
153
243
227
190
236
228
177
254
124
40
69
75
90
340
309
273
262
257
242
236
225
226
221
88
145
77
68
74
232
72
66
85
68
70
74
65
84
67
69
68
64
66
68
69
66
66
64
73
70
68
68
67
73
63
68
66
68
60
69
61
68
66
67
69
66
65
71
69
70
70
67
69
66
67
72
66
66
64
66
66
62
69
66
66
67
316
276
258
254
249
253
228
232
207
201
122
74
74
219
61
186
69
230
74
339
304
279
266
262
233
218
124
212
79
114
80
65
238
66
70
68
90
85
73
66
69
70
93
85
62
67
69
66
70
67
65
66
66
69
71
69
66
65
64
70
66
64
64
67
67
64
64
67
68
69
67
68
66
67
63
67
69
67
61
62
64
77
67
69
65
302
265
246
243
245
244
221
211
216
170
184
154
235
127
168
80
65
69
69
324
286
274
251
242
235
230
235
200
222
69
174
177
73
105
67
163
125
89
69
61
72
68
64
67
61
65
72
71
64
70
59
66
65
66
67
68
70
67
69
67
68
64
69
68
67
65
62
72
69
67
67
63
69
68
67
64
67
63
66
63
64
72
69
229
302
302
249
229
236
233
224
210
193
113
130
65
101
98
68
93
72
69
232
322
293
248
259
245
242
230
193
215
115
230
65
67
80
257
88
94
73
70
82
75
67
240
77
67
69
104
66
64
68
63
65
62
65
66
65
63
61
61
70
64
187
68
68
66
233
66
70
65
62
68
67
63
69
67
66
57
68
66
67
70
70
62
66
230
64
63
70
234
60
65
67
72
67
66
67
67
65
63
65
63
62
66
64
66
66
66
233
64
68
65
228
65
67
271
310
272
279
238
253
226
223
209
219
216
68
112
211
158
116
72
103
57
224
305
245
273
252
240
227
236
224
84
73
123
75
68
190
69
77
160
80
228
64
85
70
250
63
67
65
70
66
58
67
66
69
72
67
68
67
62
140
64
69
65
227
69
69
65
65
70
72
68
75
65
64
66
73
67
66
70
68
68
67
231
69
65
66
229
69
63
65
66
65
323
280
264
249
240
232
222
96
220
168
219
186
90
64
110
101
75
84
104
343
320
249
269
254
211
214
226
192
120
82
160
147
85
150
141
73
213
71
68
64
68
93
68
74
63
64
68
69
65
69
68
74
61
61
62
67
62
67
68
68
72
66
67
65
67
67
65
68
60
66
70
66
62
68
68
68
70
69
67
60
62
64
65
67
63
70
65
65
67
69
64
69
72
62
66
64
68
65
65
68
68
70
307
278
283
245
240
230
225
237
225
202
67
112
109
98
70
81
69
74
65
334
306
276
260
237
216
221
237
190
81
72
72
187
68
160
72
69
73
73
76
68
66
78
77
72
67
68
66
86
74
186
115
66
65
70
69
67
84
67
73
68
67
68
102
73
72
101
66
68
69
79
73
68
70
65
62
67
80
69
72
72
61
65
67
66
75
61
72
69
67
67
69
65
64
69
67
67
67
62
73
69
66
69
62
69
67
66
66
68
68
63
64
65
69
67
75
315
278
275
246
270
265
218
243
210
220
160
204
86
67
64
90
90
238
66
336
303
277
345
225
245
236
225
87
212
188
217
79
221
131
93
75
75
70
171
70
107
75
76
96
70
232
70
78
101
226
74
73
137
65
72
89
105
69
64
69
61
64
99
72
307
70
66
72
276
101
68
77
105
66
91
93
80
72
69
89
69
132
120
181
82
61
93
211
68
69
123
92
70
92
70
68
67
68
66
66
66
70
66
65
60
65
230
69
66
63
229
66
69
61
73
306
251
261
248
206
235
220
224
227
239
112
184
81
86
61
294
61
69
72
331
307
278
257
246
249
177
140
200
74
188
95
78
76
77
66
121
88
70
115
90
81
68
78
90
66
229
61
68
67
226
66
67
72
70
74
68
68
62
68
66
67
67
65
69
226
66
69
64
228
65
68
64
70
60
68
68
69
67
68
73
61
65
59
65
66
284
272
253
248
242
236
227
91
205
217
72
190
219
73
66
67
134
70
69
334
297
271
264
248
212
226
221
67
218
73
69
192
100
68
68
169
84
123
136
69
66
229
114
69
67
65
70
64
68
66
65
67
64
64
68
69
69
70
70
67
66
64
69
68
60
65
69
73
62
61
65
70
67
62
68
67
67
68
66
65
65
61
66
62
67
68
348
307
277
260
268
236
134
214
261
223
246
109
173
211
114
82
116
104
73
369
331
303
272
259
230
225
238
234
240
216
221
68
180
73
150
198
68
67
69
61
73
71
66
60
66
68
69
67
68
72
61
67
64
64
69
68
69
67
59
67
69
69
68
70
65
68
65
66
62
65
61
64
62
61
66
67
60
60
69
66
64
67
63
69
64
69
69
68
65
62
69
64
73
69
67
65
65
333
294
265
254
245
235
232
197
225
209
83
20
253
76
129
74
111
80
72
356
296
290
256
242
238
238
197
89
174
74
138
167
76
96
76
70
62
70
132
81
74
81
70
78
74
69
106
113
67
69
67
73
70
71
67
67
68
73
128
74
69
77
68
74
114
70
65
69
63
80
74
69
72
77
124
106
95
66
65
77
70
80
71
75
67
77
63
86
75
66
62
66
98
65
105
70
68
69
65
63
77
56
105
74
69
63
105
70
88
62
70
68
318
313
262
254
228
240
235
226
79
240
178
186
154
191
88
72
74
124
68
347
320
281
275
243
255
237
242
67
237
70
130
206
73
82
64
70
118
117
71
69
81
68
70
67
73
65
68
69
67
65
58
65
73
64
67
65
67
68
67
69
68
70
69
69
65
66
67
65
68
62
63
68
71
62
64
68
66
69
68
73
66
65
70
67
68
67
72
69
67
68
68
66
69
67
69
64
63
66
67
63
70
66
68
318
285
244
262
242
242
196
178
253
189
229
201
63
153
97
184
140
75
68
354
317
289
277
224
251
229
207
241
187
241
142
57
79
68
66
124
77
115
92
72
76
64
67
72
72
82
65
73
71
76
68
69
61
71
67
70
69
70
113
106
144
70
94
77
109
63
102
89
72
72
68
73
70
67
70
69
66
68
64
64
70
65
63
67
65
72
68
64
69
65
63
336
77
69
102
72
70
64
65
67
65
67
69
67
72
70
66
72
66
69
68
72
65
67
70
315
298
266
281
240
255
237
245
220
235
239
238
70
162
72
156
72
68
69
352
261
281
260
237
248
241
232
72
240
68
115
118
75
37
68
76
69
133
66
67
70
65
71
77
60
70
65
64
67
67
65
72
70
66
58
68
70
67
65
66
69
67
69
65
65
64
67
67
67
67
66
69
65
67
69
69
69
65
69
67
65
67
334
299
273
259
280
233
229
90
237
146
216
205
68
116
102
70
66
74
104
354
318
277
263
264
210
247
208
226
208
64
81
239
72
80
73
153
72
73
73
68
60
68
85
65
62
70
67
61
68
65
62
68
70
66
68
68
68
64
67
65
69
68
66
74
68
70
68
66
68
67
66
69
65
71
67
66
69
62
65
65
67
67
66
59
68
62
72
67
67
68
70
68
61
305
283
257
261
249
197
226
181
224
213
68
148
78
61
124
64
120
77
98
349
306
274
267
259
251
215
220
112
189
161
149
181
70
70
69
74
69
72
94
84
64
82
68
70
68
66
65
66
66
66
66
67
69
69
68
58
69
58
62
69
67
67
68
69
67
66
62
67
67
67
65
67
67
68
68
65
72
67
70
66
68
70
68
61
67
66
64
64
69
73
68
316
280
263
243
243
250
252
224
258
151
80
72
190
64
73
75
140
66
73
346
307
272
273
256
233
234
233
81
219
97
165
206
72
69
64
104
70
74
82
72
70
75
67
66
67
69
67
61
64
70
65
69
69
69
68
67
68
67
68
67
69
67
68
68
74
70
64
64
66
64
68
70
70
68
72
68
70
65
68
68
71
67
65
67
65
66
68
65
66
63
67
67
62
317
285
269
251
240
233
238
220
221
238
230
124
269
65
74
149
72
64
123
297
306
272
253
243
241
209
221
89
136
110
99
196
73
69
73
70
68
70
73
65
64
73
65
69
74
69
62
70
107
78
77
66
82
68
67
72
81
69
88
81
72
67
62
67
64
67
70
104
70
119
73
69
109
69
67
60
70
61
72
62
65
67
65
69
68
70
67
68
64
69
77
120
70
115
77
69
66
67
70
71
70
69
69
69
59
67
59
61
65
69
73
68
61
69
70
232
316
305
233
259
237
256
225
219
216
230
208
64
155
66
155
81
71
67
267
345
293
267
268
255
236
224
225
88
193
102
70
71
100
70
70
72
118
68
66
69
120
222
60
69
66
62
70
72
68
70
64
68
69
66
69
73
67
72
64
69
67
68
65
65
68
66
63
69
66
68
68
60
70
70
70
67
69
63
72
70
67
63
72
68
69
65
314
273
269
232
280
235
248
222
216
179
185
213
163
68
69
109
70
73
94
341
305
285
252
254
237
210
228
211
160
218
190
195
68
81
70
80
62
69
78
84
66
97
69
64
67
68
67
70
66
67
67
63
67
69
69
67
67
68
64
66
72
65
70
64
70
65
69
66
73
67
72
72
64
66
65
69
66
67
67
69
67
68
61
67
69
67
68
66
67
68
69
70
73
312
282
254
259
256
225
220
67
226
225
119
180
178
66
69
70
86
65
69
344
293
276
245
218
226
224
221
107
187
90
156
148
115
73
68
65
120
78
79
66
65
68
68
72
68
70
65
66
68
59
68
68
122
65
68
67
69
70
66
66
68
65
66
74
67
62
74
65
68
63
67
70
64
66
66
66
68
66
73
65
64
68
59
66
66
63
67
68
63
68
79
329
275
235
258
252
233
212
229
216
208
210
129
66
82
167
90
60
68
186
333
315
287
245
238
240
210
220
112
226
71
120
184
70
193
66
75
74
261
80
69
75
72
93
70
67
66
68
69
68
67
67
68
68
65
69
70
225
69
68
68
219
67
68
67
68
67
71
68
65
70
68
67
67
68
69
210
68
68
70
229
67
68
70
70
61
73
65
69
67
67
68
67
65
70
69
72
66
225
301
280
284
249
234
217
220
224
224
87
100
48
233
138
82
64
86
67
70
342
284
283
244
246
244
223
219
214
131
69
147
197
70
65
74
75
70
66
77
70
69
177
64
107
63
221
69
60
64
220
67
69
66
67
70
65
68
68
72
66
70
69
69
57
227
67
66
67
221
68
66
60
64
71
66
66
62
69
68
62
59
64
63
171
73
72
69
229
64
64
64
225
66
62
65
68
64
60
64
67
64
65
62
70
65
67
227
66
66
64
226
65
61
68
72
309
281
264
226
241
227
225
102
234
232
73
130
75
68
68
66
65
121
63
347
313
285
232
230
223
225
237
193
170
69
68
164
74
101
67
172
63
102
118
62
67
66
68
68
67
66
69
62
69
67
67
68
69
56
66
67
61
69
67
64
65
65
64
72
67
66
68
62
67
66
68
64
66
64
68
65
68
68
69
65
69
68
67
72
67
70
68
70
65
68
68
72
65
68
64
66
71
61
66
70
68
66
72
69
65
64
68
70
66
68
67
64
68
68
66
315
285
257
256
259
226
218
84
209
249
68
132
154
134
120
65
72
109
68
293
310
264
256
221
222
216
228
70
178
130
72
222
81
69
66
68
61
72
66
69
113
307
69
94
69
109
72
69
102
68
106
74
104
84
69
90
78
67
76
65
67
74
76
72
69
72
65
64
91
84
67
69
67
66
66
72
70
66
67
73
68
67
75
62
66
148
101
70
135
70
67
66
94
69
70
70
83
70
67
67
74
64
75
65
66
72
65
67
66
66
68
65
68
61
66
320
277
261
244
172
230
218
223
211
154
171
85
240
67
83
155
67
133
76
327
296
281
261
246
233
203
232
223
196
83
86
80
62
66
133
238
85
56
93
70
67
67
68
67
66
69
69
66
62
68
67
65
69
69
60
67
66
66
65
69
67
56
68
66
65
65
67
64
65
69
64
64
65
67
64
67
62
67
66
72
69
66
65
67
70
70
65
64
70
69
71
68
67
65
71
65
317
291
235
252
234
231
217
232
220
80
137
75
236
75
162
134
73
147
62
337
309
273
259
227
215
224
224
56
136
80
73
126
69
73
69
67
76
108
112
102
65
106
67
61
97
67
93
66
65
77
73
66
67
69
76
72
67
74
102
68
72
66
64
77
64
71
75
73
73
72
68
65
113
122
73
67
101
81
67
67
69
67
68
68
69
70
104
314
62
62
73
81
69
75
70
71
71
106
67
68
66
75
73
69
72
70
312
64
69
65
339
74
63
68
228
298
275
244
240
224
244
228
234
214
218
89
225
206
75
211
105
80
61
257
337
300
279
257
238
237
236
230
158
201
86
77
120
65
104
70
73
69
230
75
63
81
224
62
73
73
69
70
66
66
62
72
63
62
63
68
62
72
62
66
66
225
69
72
61
228
67
64
68
66
67
64
62
72
69
70
71
65
67
68
224
67
68
62
223
64
73
65
65
66
66
67
65
315
291
280
244
242
246
145
221
211
184
214
72
72
148
101
115
76
65
72
310
318
286
260
241
225
209
220
216
219
125
144
57
249
76
79
187
74
70
60
69
65
64
68
66
65
59
65
68
67
68
60
68
69
67
66
66
66
63
65
67
69
68
66
72
66
68
72
66
66
72
68
65
67
70
65
63
61
64
69
65
69
296
290
271
251
222
228
228
174
194
149
149
71
109
142
107
69
85
64
68
340
307
262
275
242
247
218
214
196
72
218
68
67
101
67
66
100
83
101
69
94
68
64
64
69
66
67
66
66
70
68
69
64
70
68
62
67
65
62
64
68
71
70
67
69
66
68
66
67
69
67
67
70
69
66
71
61
68
68
65
66
65
61
65
65
69
65
68
67
66
68
65
60
61
68
66
73
65
69
66
302
290
258
241
246
224
255
69
219
212
77
134
67
132
68
67
117
67
256
310
305
280
248
248
246
214
208
85
145
132
112
200
70
66
76
72
100
83
70
97
73
110
74
71
85
64
68
64
74
70
72
66
75
70
68
66
63
68
69
66
67
73
72
60
74
62
64
75
70
66
69
65
64
65
69
69
67
66
90
70
69
331
72
70
72
57
63
76
69
69
68
69
69
67
64
67
68
59
63
65
60
65
69
62
68
69
65
64
73
60
68
65
68
67
65
236
316
255
243
249
241
240
209
123
213
233
196
56
230
68
191
78
105
104
299
331
297
231
246
240
223
236
234
64
176
89
148
78
119
78
72
185
97
227
68
70
70
265
69
70
68
61
67
64
68
73
71
62
63
70
67
64
64
66
69
67
66
69
61
61
64
68
61
70
59
66
68
65
65
65
69
67
65
64
73
73
68
66
68
67
65
65
66
67
222
68
68
67
174
334
283
257
251
206
237
211
227
243
137
220
158
73
109
232
128
64
68
76
324
301
259
251
206
210
218
218
200
187
115
140
110
65
91
117
171
74
277
62
73
133
70
99
105
92
102
70
118
72
70
70
73
107
102
121
99
223
107
99
97
81
68
72
92
69
69
66
62
66
69
68
68
76
74
73
222
64
80
70
315
72
110
68
64
70
64
69
69
67
73
68
68
77
66
74
68
83
67
69
67
72
68
69
66
67
70
61
69
74
68
65
66
67
70
316
310
274
267
235
208
244
220
223
250
154
120
235
229
72
66
104
90
74
366
314
283
268
259
237
221
228
100
233
101
237
69
242
68
89
106
78
70
80
69
74
68
70
70
64
70
59
68
67
68
64
61
65
62
68
70
64
69
69
74
62
70
69
63
71
60
73
73
66
313
288
265
255
228
246
258
217
76
226
171
83
232
91
148
75
69
68
73
340
306
268
264
246
229
188
233
67
235
72
165
66
90
66
70
125
88
116
135
66
67
68
82
64
65
231
59
67
71
66
69
60
67
65
67
66
65
67
66
60
72
68
70
64
66
69
65
70
67
65
64
65
67
66
65
67
68
66
74
67
64
66
68
228
66
68
70
69
64
66
72
70
74
65
314
281
255
250
280
216
122
222
220
129
164
189
227
117
131
68
93
113
233
348
297
268
259
235
243
92
196
213
71
204
64
77
78
68
62
68
123
87
75
125
67
254
99
69
68
69
68
68
64
66
68
64
67
67
70
69
65
68
65
69
69
62
66
65
69
68
68
66
68
69
67
67
72
70
69
64
67
70
67
67
66
67
70
64
67
72
72
70
64
69
64
70
69
64
69
317
282
256
252
244
212
246
220
225
223
120
192
64
84
240
64
69
72
147
335
301
274
270
252
243
94
225
88
212
84
148
78
69
203
129
79
68
232
70
70
84
61
68
65
66
61
69
66
70
67
64
69
65
66
69
70
68
68
65
62
75
66
68
65
64
66
70
70
70
63
69
68
65
67
61
66
69
68
70
67
65
67
67
68
57
65
68
59
70
67
313
283
258
241
234
188
224
227
235
232
182
179
69
198
229
92
146
68
75
333
293
243
250
234
204
220
212
226
89
152
72
108
64
72
105
69
68
94
68
73
65
66
66
70
67
72
62
69
70
68
68
67
73
70
65
68
228
104
121
93
97
68
97
65
68
69
68
69
66
60
68
74
66
74
70
233
98
70
68
64
66
67
66
65
68
65
69
69
64
65
65
70
67
69
232
67
65
62
65
69
69
69
66
93
99
71
70
68
63
67
70
61
67
69
63
67
68
325
305
266
268
240
261
242
204
219
202
209
216
108
132
168
187
67
70
64
355
317
276
262
254
249
72
115
206
223
95
177
244
83
69
65
65
64
74
69
59
74
67
67
66
64
65
69
64
66
61
67
69
65
60
67
71
69
67
65
65
67
61
60
65
62
68
65
59
64
74
65
64
64
72
67
70
67
70
65
61
66
60
68
65
69
70
65
72
62
65
69
69
62
326
295
277
243
247
237
226
328
155
82
234
222
101
148
69
249
87
97
73
360
336
289
281
254
252
243
133
203
134
235
234
182
72
77
227
75
63
69
72
75
138
69
68
68
70
67
65
69
72
185
70
69
67
229
67
69
70
67
66
68
61
65
69
72
67
84
68
63
75
69
65
90
229
73
74
65
213
81
67
85
65
104
63
96
70
105
94
70
136
67
61
102
72
67
70
237
77
76
94
104
70
66
69
68
64
64
67
69
69
99
72
70
65
61
67
338
261
251
237
273
237
218
219
225
190
220
223
174
130
162
54
68
210
134
330
286
279
267
254
233
80
230
220
64
218
300
163
88
70
186
73
83
117
63
73
69
72
70
75
72
62
69
97
67
69
64
65
65
228
66
69
70
227
69
67
68
64
69
68
69
70
64
67
61
67
64
66
96
68
65
64
224
66
65
67
342
282
269
272
252
233
258
221
131
221
207
228
147
76
84
46
77
77
75
353
326
297
268
254
237
249
208
217
217
193
121
72
125
300
74
99
65
65
60
64
69
97
64
67
68
68
67
72
65
61
66
58
67
67
67
62
65
66
67
66
69
67
70
68
64
66
72
66
73
69
68
67
70
69
66
70
66
68
60
62
65
63
68
60
72
67
67
69
65
70
66
68
312
291
267
243
253
244
226
218
215
187
128
191
220
104
88
141
48
93
66
351
293
270
266
253
214
240
246
66
224
69
151
153
70
90
80
73
66
113
68
65
69
66
68
68
105
134
64
69
72
61
64
65
61
74
61
68
64
68
69
66
60
66
68
65
67
66
67
66
64
66
67
69
65
66
72
70
63
67
67
68
64
72
64
66
71
66
66
69
68
68
68
69
67
67
62
62
62
62
68
339
293
273
266
254
238
225
227
222
156
222
121
139
86
88
152
73
71
80
373
326
290
280
246
224
184
70
220
220
158
86
59
69
78
67
116
74
67
63
68
68
61
68
67
97
70
94
70
67
69
68
108
70
67
67
70
67
66
62
69
66
68
69
66
70
67
69
64
67
69
69
67
64
60
64
67
68
67
336
324
305
255
241
227
258
186
220
229
104
185
133
205
204
180
80
129
64
350
323
299
270
249
251
222
72
240
203
142
141
66
181
137
68
68
140
72
67
69
73
70
77
65
73
82
68
67
68
64
67
68
123
69
68
65
69
70
66
64
66
66
69
69
66
69
65
69
66
64
64
72
67
64
66
68
70
72
64
65
70
67
70
62
317
299
272
257
259
265
224
221
223
203
230
106
178
216
65
182
70
131
110
356
341
302
261
261
211
237
227
227
99
164
206
64
186
112
229
66
106
107
299
67
70
81
69
64
70
82
70
72
122
68
70
67
69
166
63
63
70
69
64
66
65
64
65
68
67
67
66
68
66
69
70
63
72
61
66
60
75
65
68
68
66
69
69
72
68
67
57
66
64
62
67
69
67
69
65
61
66
67
64
318
286
272
241
253
241
227
220
77
217
217
63
85
234
73
123
70
114
68
340
306
297
252
263
230
244
212
227
104
100
67
82
62
62
68
102
69
73
67
65
66
66
67
67
61
83
65
67
65
64
64
70
72
67
64
66
68
67
63
66
69
67
68
67
72
70
66
68
235
64
62
66
67
67
66
64
65
68
67
67
67
70
67
68
65
65
63
141
66
69
66
66
74
66
67
317
293
304
275
241
236
236
94
217
212
86
240
100
222
181
85
129
68
72
344
310
286
269
251
229
81
6
240
234
177
69
90
74
89
92
75
97
74
74
66
66
70
70
69
101
226
117
72
96
67
68
69
61
69
67
61
66
65
65
71
68
69
67
64
219
65
68
63
227
68
68
66
70
70
63
68
66
69
63
68
60
64
70
64
65
68
65
232
67
67
60
63
228
309
278
262
246
190
241
234
224
248
137
240
222
109
115
158
65
64
230
225
339
297
271
268
252
221
222
245
79
187
67
213
204
67
97
69
82
65
67
68
73
67
227
67
67
67
227
65
64
75
226
61
66
69
67
65
69
63
68
67
68
67
68
66
68
222
68
67
66
226
71
63
69
221
66
69
65
71
69
69
65
67
64
71
99
64
66
67
226
60
69
67
226
64
69
67
68
69
63
64
69
65
72
66
68
61
63
174
64
71
66
59
62
69
69
293
277
284
278
261
228
221
213
209
104
226
72
227
185
170
67
67
69
64
330
309
268
265
250
242
242
237
55
240
181
65
61
178
136
110
84
133
91
122
82
78
102
62
72
69
70
70
77
67
71
63
70
64
66
70
62
68
66
65
68
69
62
70
66
73
70
61
65
67
69
63
67
65
70
66
64
66
65
65
65
68
64
68
67
63
68
63
64
64
64
68
69
66
300
302
251
256
235
224
92
186
69
225
171
245
164
126
89
68
237
67
166
338
300
277
270
222
238
227
209
63
99
188
154
69
69
72
129
83
172
68
102
97
66
69
82
100
69
65
68
100
68
67
68
67
61
63
67
66
69
65
69
64
69
66
66
64
66
68
65
66
63
64
69
61
70
59
64
67
68
65
313
292
283
250
237
235
241
215
68
218
160
222
237
61
95
72
74
68
66
355
317
270
269
253
233
208
199
227
149
209
226
232
118
102
73
154
66
93
70
105
68
126
63
116
102
89
69
120
94
65
65
69
61
57
64
65
65
69
64
64
65
70
64
65
62
70
65
68
63
67
67
67
66
68
67
66
70
65
66
329
314
280
256
249
243
224
220
245
221
196
208
348
265
72
200
76
69
73
70
80
67
76
357
308
268
267
232
233
222
206
222
70
234
76
68
69
189
77
74
277
116
68
99
68
104
84
65
74
86
77
66
78
64
69
67
61
58
64
67
66
65
63
66
68
69
64
70
69
68
69
72
65
65
70
68
67
68
70
64
67
65
64
62
72
72
68
63
64
67
65
68
68
68
68
66
68
68
64
66
67
325
322
268
252
274
241
116
226
162
211
213
68
65
43
76
182
132
102
68
349
325
297
259
234
235
78
211
220
86
65
185
221
70
107
120
69
66
72
76
73
72
68
67
73
71
67
60
67
65
67
60
66
63
67
69
67
66
66
71
70
66
66
69
66
68
70
67
67
69
69
69
68
67
63
68
57
65
64
72
68
70
68
64
68
64
72
67
67
71
65
74
65
66
62
64
66
70
75
339
296
316
254
240
251
245
217
221
253
243
125
136
112
147
83
177
84
129
364
330
289
272
246
236
241
219
209
228
132
218
118
249
65
74
71
72
120
74
66
98
71
83
78
69
113
70
66
66
65
64
66
69
69
70
65
72
68
68
65
68
69
64
68
74
67
69
61
64
67
66
66
66
65
66
65
66
70
70
69
67
61
67
66
70
66
68
62
68
64
69
73
65
73
68
68
64
231
306
280
253
246
240
246
170
222
98
214
225
97
67
116
108
102
73
249
68
332
300
294
258
245
233
148
234
236
125
161
155
207
67
132
76
69
68
73
108
68
77
70
66
65
69
232
70
111
64
69
64
64
70
65
65
70
64
64
67
66
66
69
67
69
67
66
68
62
219
293
266
251
251
242
227
225
222
220
68
140
0
205
195
242
69
84
68
173
356
296
283
254
239
229
234
237
92
219
152
86
65
148
87
68
196
69
99
109
62
93
232
89
72
101
256
63
68
66
68
69
67
64
67
66
71
65
68
65
69
72
67
70
66
233
70
74
67
66
67
60
66
66
67
68
68
65
65
68
70
68
63
59
66
70
67
69
317
296
270
251
240
236
232
261
218
208
219
146
85
171
245
74
68
72
67
360
330
282
270
245
240
241
234
134
234
211
73
85
152
217
101
67
126
96
62
78
75
78
64
68
68
68
163
69
66
64
67
68
69
229
61
62
66
61
68
68
68
66
68
65
62
65
69
67
67
60
60
66
62
67
66
68
65
65
67
72
69
67
67
66
61
67
65
65
69
62
66
232
66
70
334
306
278
267
244
229
229
243
206
216
224
148
214
88
68
62
133
110
61
68
113
70
67
316
280
267
248
236
229
227
228
223
59
96
199
220
65
72
66
94
73
60
66
75
104
124
65
85
68
66
66
67
72
213
62
65
66
229
68
64
68
65
69
61
65
66
67
66
63
70
67
70
67
67
66
66
228
66
72
69
70
68
66
66
68
61
68
64
61
68
66
74
73
67
67
137
62
64
66
69
56
70
314
277
304
235
235
240
255
216
160
66
155
101
177
113
193
123
227
128
64
340
300
249
253
233
234
234
237
171
133
214
108
69
98
68
67
79
66
69
68
66
71
68
70
74
67
67
67
65
62
65
59
65
67
62
68
65
68
65
68
65
61
62
67
61
65
66
69
72
67
64
71
70
65
70
63
64
64
57
66
64
66
67
349
302
297
227
243
229
226
126
218
195
228
205
172
233
62
60
70
153
115
353
330
262
275
264
237
225
213
213
216
189
113
83
150
67
73
188
65
81
122
115
70
72
70
74
73
61
68
67
66
65
67
67
65
69
67
69
65
66
68
61
67
69
69
64
69
75
68
66
66
63
68
66
61
69
63
68
64
62
65
69
70
70
68
62
68
65
68
67
67
63
60
67
61
66
67
65
65
67
62
66
67
65
324
287
277
274
252
236
222
219
140
172
164
0
228
155
158
70
68
80
69
345
309
284
254
222
220
225
214
42
164
194
121
67
217
73
84
70
145
126
67
97
65
67
67
82
72
141
64
62
66
86
68
62
70
62
70
69
67
66
64
66
64
66
66
65
73
66
68
56
65
65
69
62
66
67
66
69
66
65
64
69
65
66
67
60
66
56
65
66
52
65
322
290
290
253
251
262
216
229
186
224
210
163
100
66
93
67
78
70
89
330
317
269
273
252
232
230
254
233
219
220
115
72
101
78
79
80
81
79
113
93
70
69
101
66
166
69
70
60
63
72
66
69
64
66
64
64
69
67
67
69
68
64
69
70
216
66
70
66
67
68
66
68
61
68
68
67
67
65
72
68
62
62
66
65
70
66
65
65
338
307
274
261
253
235
229
321
217
200
185
242
119
81
70
142
84
69
69
77
72
99
66
343
298
266
255
237
159
225
217
224
227
200
150
197
251
70
76
119
68
74
72
59
81
73
65
69
62
85
70
122
69
69
68
62
66
64
67
62
66
64
70
65
70
67
66
65
232
70
64
64
69
64
62
68
75
67
62
72
69
65
68
63
72
65
68
69
64
68
66
229
67
64
68
61
65
69
65
67
69
67
326
298
285
254
226
229
158
257
229
73
223
217
232
75
70
72
83
70
73
341
313
294
270
263
212
104
219
204
189
170
128
78
68
67
69
65
72
70
78
74
62
70
68
68
69
74
150
62
69
70
66
62
67
75
68
65
68
65
68
68
68
67
62
66
68
69
61
69
70
67
68
68
68
64
68
64
60
65
63
68
72
60
58
65
72
67
333
309
299
246
238
237
225
224
221
210
229
227
184
64
94
220
72
72
219
353
317
294
286
245
246
227
227
226
157
212
0
67
140
219
68
87
69
69
75
70
73
76
76
65
83
81
85
64
135
70
101
73
69
339
73
67
68
69
102
70
64
69
104
73
136
65
78
81
209
74
70
74
62
69
70
70
67
67
69
107
65
77
70
106
73
65
75
68
68
74
69
249
72
97
74
255
137
98
104
68
69
69
110
125
160
66
68
64
64
74
66
69
68
68
68
329
256
261
281
232
222
226
225
217
217
235
243
138
200
94
81
67
86
73
336
304
255
275
244
232
126
201
232
191
131
182
166
67
70
92
65
73
72
70
99
72
90
74
64
70
67
60
66
64
66
66
67
57
66
65
66
65
65
67
69
60
66
61
69
69
64
66
67
64
65
73
68
66
70
68
68
67
291
283
260
250
238
232
222
227
234
69
89
149
220
76
124
160
146
144
77
340
318
278
272
221
232
210
208
219
181
67
228
165
73
65
72
67
70
68
66
80
75
61
65
65
66
68
65
70
66
67
65
67
68
70
68
64
64
71
61
70
67
66
70
70
68
63
66
65
61
67
65
66
66
72
70
66
70
66
69
62
65
69
69
64
67
70
65
59
67
64
70
69
62
69
71
310
307
298
257
236
234
123
225
226
218
220
176
81
14
308
149
61
168
70
343
336
296
270
252
254
235
237
233
180
70
208
76
27
67
90
70
71
72
168
73
64
81
74
73
64
69
61
67
64
72
66
65
66
69
64
66
69
229
60
62
71
228
65
67
72
64
64
67
66
68
68
68
66
60
67
70
67
69
69
67
236
70
69
67
187
68
67
68
67
67
68
68
65
68
66
63
64
66
73
68
69
69
67
313
289
306
241
225
248
216
77
220
236
70
175
72
119
142
67
96
72
72
373
304
284
258
213
206
208
214
226
162
64
82
208
65
68
70
73
82
70
69
50
69
112
72
66
69
64
68
68
65
62
61
64
70
67
66
68
67
67
70
70
67
66
69
68
67
69
68
73
66
73
69
63
66
65
70
68
68
74
69
66
65
64
68
70
67
70
65
305
285
257
245
236
233
228
219
217
217
94
101
156
185
67
69
99
73
65
336
294
274
244
237
228
225
222
104
173
113
77
216
165
101
137
73
70
62
67
73
68
70
65
67
59
68
64
61
73
66
68
66
66
68
67
66
68
68
67
68
65
69
60
67
60
70
69
65
65
68
61
66
64
69
65
68
65
68
67
73
69
72
70
66
306
281
267
244
240
236
234
305
218
233
67
126
208
68
149
70
114
70
71
336
293
275
249
243
226
211
219
75
227
116
188
75
75
86
72
104
64
89
64
93
73
66
69
67
61
73
65
73
64
66
66
69
64
68
65
70
63
66
72
68
66
64
67
64
68
65
68
65
67
72
62
65
72
69
66
68
67
67
62
67
65
61
69
70
66
65
69
66
66
69
60
64
68
68
66
68
64
65
66
320
290
290
244
239
232
221
234
226
200
65
223
227
102
113
115
173
65
69
348
309
284
323
247
212
189
107
222
136
75
190
241
72
69
70
93
68
112
73
72
75
62
97
67
70
222
69
65
65
68
72
66
67
70
65
66
62
68
69
73
68
64
60
69
69
62
68
69
229
60
67
68
67
70
62
62
69
68
69
61
63
58
65
70
66
64
67
66
61
62
315
280
246
245
237
210
220
218
230
202
259
130
69
91
102
92
67
76
293
338
300
272
268
251
244
221
236
64
107
90
121
164
65
67
67
68
64
67
74
72
66
66
69
64
67
68
64
69
63
68
64
61
70
61
65
65
61
68
64
65
67
67
68
65
60
68
66
64
64
61
68
70
65
69
65
66
63
66
65
61
58
68
68
65
68
66
70
68
333
299
256
252
227
240
217
144
189
226
242
133
96
208
81
85
72
73
68
357
324
280
253
265
234
235
237
154
225
174
241
69
213
66
69
78
65
86
66
105
80
72
97
69
127
68
62
72
64
70
65
67
66
228
65
65
74
68
70
66
65
66
69
69
65
69
65
67
64
67
66
67
67
68
65
68
229
63
65
64
61
67
66
69
69
72
65
70
68
61
68
69
74
69
61
70
70
285
284
230
246
228
219
227
216
214
228
193
261
253
67
105
74
81
65
101
337
302
280
265
248
230
232
234
164
78
188
232
66
67
109
171
140
77
88
70
97
66
64
68
67
67
64
70
64
73
64
65
66
60
68
64
64
71
62
66
68
68
67
69
70
68
61
67
70
66
65
69
65
62
66
72
67
61
65
69
73
68
221
316
285
292
278
262
235
229
93
214
197
196
121
225
64
76
67
73
66
121
338
293
266
251
255
241
224
82
228
157
67
206
162
71
85
72
163
108
72
179
69
67
208
92
67
64
228
68
66
74
61
70
67
71
66
66
65
70
68
66
65
69
70
70
66
228
65
70
63
72
70
64
68
68
68
68
66
62
64
68
70
66
64
68
222
62
65
65
225
66
65
69
61
67
65
70
68
70
341
299
269
257
267
233
229
226
197
164
69
202
242
143
70
105
216
112
74
345
312
284
259
255
227
210
122
229
230
141
79
181
93
61
141
66
75
148
67
68
106
73
70
70
64
64
66
67
68
60
72
68
66
67
61
69
66
68
70
65
70
67
69
63
65
62
68
70
64
70
69
65
68
69
70
65
67
69
69
63
72
64
64
65
65
68
67
62
74
330
297
256
283
238
239
211
145
219
234
228
204
61
116
139
67
69
77
65
75
72
76
68
345
298
275
267
254
226
218
208
225
206
192
166
100
64
70
81
77
208
94
69
117
68
67
92
70
68
68
65
64
67
65
67
61
68
67
67
69
67
67
64
70
62
69
66
68
65
65
67
68
67
66
65
70
68
62
64
66
62
72
69
73
65
63
69
68
67
336
288
276
384
244
259
225
218
219
111
205
232
194
123
99
112
149
72
66
346
316
281
272
228
248
224
222
200
218
201
77
70
243
76
70
69
69
72
70
81
68
110
73
68
72
66
69
68
61
66
70
67
60
69
68
73
65
70
72
65
69
66
67
64
65
68
64
70
70
67
69
63
70
69
64
67
65
68
64
62
67
68
67
67
66
63
64
65
69
64
68
65
67
69
67
68
67
328
301
254
259
250
235
200
217
219
238
209
273
86
81
41
259
72
79
69
369
324
287
273
249
239
225
214
207
225
73
225
72
124
72
67
75
188
104
59
62
102
66
68
66
68
65
66
69
72
66
61
68
66
67
64
68
64
69
62
66
64
67
66
69
67
62
62
68
72
64
67
65
71
66
65
64
66
72
69
67
73
64
68
67
65
63
69
64
66
66
73
69
69
74
341
317
261
256
251
226
243
213
208
217
90
133
198
65
105
72
96
69
116
358
323
290
244
254
220
241
241
230
222
226
145
69
99
200
68
116
81
82
70
81
68
74
73
68
69
69
69
65
67
67
69
68
68
69
73
65
67
73
66
65
66
66
64
72
62
65
67
67
68
75
66
62
65
69
65
68
64
67
60
67
70
66
72
66
64
68
63
70
67
69
61
64
66
66
72
64
69
68
70
314
298
251
253
246
229
229
61
212
217
203
147
69
171
78
78
78
67
124
345
308
288
261
232
224
224
219
218
106
76
186
215
90
67
70
65
81
72
68
66
52
69
64
63
64
67
67
66
72
67
64
64
67
66
64
65
67
66
68
65
65
65
70
63
66
70
69
70
69
69
69
65
65
65
68
66
66
70
68
60
338
304
270
274
244
237
149
139
218
196
197
174
105
214
69
130
81
68
68
364
326
290
262
247
244
223
219
93
233
233
133
68
236
61
73
189
60
75
72
69
70
67
69
65
65
69
68
62
65
68
67
67
66
63
65
65
66
65
65
67
66
68
65
60
68
66
68
67
66
63
66
68
68
68
331
297
267
358
228
228
230
199
234
164
141
75
212
144
67
113
94
104
100
332
313
296
322
239
233
218
217
228
81
222
77
69
64
69
72
77
61
96
72
121
100
63
67
66
66
192
67
67
66
228
66
67
67
64
63
67
60
69
65
66
69
65
70
61
72
66
69
66
231
69
63
64
229
73
71
67
72
68
64
69
64
65
66
68
68
69
62
67
64
71
67
68
66
74
65
321
283
268
255
233
256
224
255
251
218
124
109
79
68
93
65
67
88
107
340
301
270
269
253
237
198
227
192
75
72
64
141
133
75
69
144
89
72
84
72
69
219
69
68
69
226
67
61
67
64
70
67
65
69
66
70
62
69
72
67
67
69
68
66
210
64
60
68
224
63
67
66
74
69
70
67
65
67
65
68
69
69
62
68
72
69
62
227
65
63
59
230
70
66
65
64
65
61
64
64
68
70
64
63
69
66
170
64
67
66
72
68
68
341
291
293
255
249
237
238
216
220
227
207
221
181
192
67
205
67
69
69
360
318
285
268
240
243
241
223
233
224
222
182
89
132
245
224
70
76
69
227
72
80
71
69
66
69
64
69
65
64
66
70
68
67
187
72
67
63
226
66
65
66
72
66
68
67
67
65
66
72
69
66
63
61
66
67
65
226
61
61
68
227
66
68
77
64
65
68
67
64
332
284
269
250
276
229
212
224
234
147
89
237
182
122
72
131
59
70
81
362
322
294
274
245
251
218
198
225
60
214
72
70
130
80
123
73
112
68
85
69
94
64
97
68
72
58
73
67
67
67
66
67
68
66
66
67
67
68
67
67
66
64
65
67
66
69
69
67
64
73
67
65
66
73
70
65
68
72
72
69
63
72
65
66
70
63
67
64
67
63
67
67
65
72
67
69
61
94
65
68
67
230
313
285
262
259
246
232
233
69
222
200
181
100
144
73
78
68
107
109
228
291
305
272
272
250
233
224
204
213
75
97
74
193
68
67
60
69
66
72
73
130
71
228
70
60
66
71
68
65
62
65
66
62
67
67
69
66
66
66
68
69
227
65
67
69
228
67
64
69
66
65
67
66
66
64
64
64
64
66
69
61
65
64
321
289
268
227
272
235
223
228
216
214
64
186
106
135
125
115
68
70
73
349
312
281
265
236
229
235
181
192
67
232
84
84
105
62
174
93
64
67
75
64
73
69
69
61
69
68
67
67
67
70
70
72
72
64
67
65
68
70
67
69
67
62
67
58
62
72
68
69
70
67
72
70
65
65
66
70
68
68
64
70
65
68
60
70
69
66
67
66
70
67
332
291
283
257
256
229
222
227
212
220
72
221
224
150
71
67
98
71
73
349
315
285
277
246
230
101
89
228
208
206
137
193
66
66
73
129
72
86
69
70
66
68
69
69
72
67
68
68
65
60
72
68
64
68
72
67
61
65
65
68
67
67
73
69
66
65
66
71
62
64
66
67
65
67
69
64
67
74
67
70
61
66
70
65
67
67
64
70
67
67
65
65
68
68
66
60
68
67
67
69
64
66
65
66
65
73
67
70
72
72
67
65
73
228
312
285
262
255
241
230
222
195
221
212
13
131
286
83
78
69
70
61
149
348
304
268
264
210
227
184
216
76
149
114
59
78
78
68
88
80
76
121
105
81
61
232
67
67
66
226
66
66
59
60
59
67
66
65
72
65
66
65
66
67
222
67
64
67
230
67
65
63
69
64
61
64
64
60
66
70
69
67
66
101
62
65
66
228
67
66
68
226
61
67
68
73
336
271
275
267
208
234
225
220
218
205
82
223
217
116
92
95
63
69
68
344
315
293
272
259
209
227
222
196
233
206
126
89
70
74
65
74
65
60
123
92
80
66
82
65
83
66
69
127
72
67
70
73
64
100
69
73
84
67
80
69
83
78
70
70
70
74
70
69
229
72
66
72
73
72
68
68
102
71
70
129
67
70
69
79
66
85
69
80
67
76
72
81
69
79
78
70
73
70
68
96
131
104
68
73
70
104
85
70
71
90
75
67
64
62
62
328
292
271
256
241
235
201
292
221
230
214
124
73
244
107
86
62
79
61
341
321
280
254
260
233
240
223
219
220
87
63
68
242
118
132
72
74
68
67
73
74
66
73
69
65
65
66
69
63
230
66
62
67
227
62
64
70
70
64
67
69
68
70
72
73
68
64
64
146
69
66
67
225
67
59
65
69
65
69
62
66
64
66
68
65
46
52
43
446
428
410
341
340
302
300
200
285
273
278
214
209
52
153
52
116
105
53
50
433
444
385
347
335
308
294
314
283
72
289
258
54
51
310
88
144
51
49
55
63
53
53
98
50
51
83
51
35
46
50
51
50
45
51
45
51
51
48
47
51
50
50
51
51
51
50
51
48
50
51
46
51
48
49
51
46
50
44
51
55
52
46
441
418
356
332
351
301
337
323
261
288
293
281
53
263
245
54
184
110
51
178
454
420
390
342
310
283
295
308
296
87
294
169
302
197
295
101
120
117
52
227
57
51
109
50
51
48
49
51
53
50
49
51
48
51
49
51
52
50
51
49
48
50
51
52
49
51
52
45
52
54
49
50
48
46
46
52
50
49
50
49
54
49
51
52
49
52
50
51
53
52
49
50
52
50
50
53
51
48
49
47
50
51
48
48
52
49
51
53
43
51
50
50
52
50
50
52
58
52
54
51
51
52
46
50
49
50
52
52
51
48
49
52
50
47
50
52
60
52
50
50
51
48
52
48
48
53
48
51
48
53
51
47
51
48
50
52
60
52
49
50
52
52
50
52
52
50
53
44
50
52
53
54
51
51
47
53
54
50
51
53
50
51
45
52
50
50
51
51
49
48
52
52
48
40
51
52
57
52
49
47
51
414
395
385
315
322
304
307
297
281
291
299
186
263
260
77
52
46
60
51
189
468
435
367
344
345
298
286
309
298
51
260
57
51
233
49
77
58
53
91
80
54
95
48
48
117
50
51
64
49
50
50
48
48
49
49
48
43
49
52
52
45
49
50
50
50
51
42
48
51
48
52
48
51
50
50
49
50
49
49
51
50
49
50
46
49
49
49
49
48
49
51
50
51
50
454
392
312
357
302
325
296
305
284
255
276
278
109
302
280
61
134
107
50
47
445
431
358
344
284
293
265
288
261
281
290
158
117
168
53
259
60
57
50
78
48
105
64
48
100
57
51
122
53
51
51
50
51
48
52
50
45
50
50
51
50
48
52
49
52
46
49
51
48
46
48
52
48
48
50
46
49
51
52
49
50
46
53
51
51
47
48
48
47
52
52
53
48
52
50
461
361
393
337
301
310
294
293
291
223
230
257
108
260
298
80
214
205
52
51
473
425
346
338
283
296
275
285
228
297
301
109
45
142
53
138
52
59
46
211
54
126
60
50
44
61
49
51
50
45
50
51
51
47
48
49
48
49
47
47
50
48
42
51
49
51
48
45
52
49
54
50
49
48
50
49
48
45
49
45
46
47
43
50
51
49
47
46
50
49
50
49
46
46
46
49
49
50
49
46
52
46
48
52
52
454
396
365
309
273
303
288
289
338
317
262
189
277
0
170
332
117
56
78
58
489
436
372
346
345
294
251
212
192
243
124
52
72
76
48
220
51
158
221
54
51
67
51
93
61
49
104
51
51
52
51
48
51
48
51
52
51
47
50
49
53
48
52
50
51
49
51
44
53
51
50
46
52
47
52
49
52
51
52
48
54
45
45
50
46
49
49
45
46
48
48
46
51
49
452
395
378
329
261
303
292
288
285
273
267
138
288
236
405
331
367
50
78
53
496
418
400
363
308
323
288
300
300
208
282
217
298
48
92
52
200
92
485
48
54
45
67
53
105
52
51
52
49
48
50
51
52
45
51
49
49
51
53
48
52
45
50
51
51
52
51
51
49
50
49
51
51
45
50
52
50
51
50
50
48
49
52
47
51
48
51
48
48
51
50
49
50
51
50
48
54
49
50
51
48
48
52
49
56
49
51
46
51
52
48
50
53
51
50
52
46
54
50
50
50
49
50
50
45
46
50
52
46
51
50
52
51
49
50
50
50
60
49
51
50
48
53
51
49
48
50
50
48
49
50
48
50
49
52
51
50
54
50
50
51
45
48
43
50
48
51
49
57
46
48
50
48
51
43
48
50
58
45
46
49
47
49
50
49
53
45
49
48
47
49
49
52
49
47
50
48
53
41
51
53
449
339
369
330
302
297
309
280
277
239
266
168
273
293
296
313
138
104
51
249
449
434
387
343
285
326
287
304
285
54
288
62
114
156
259
415
88
52
48
100
254
49
61
49
82
50
50
60
54
83
52
49
50
50
48
51
47
51
46
50
50
49
52
48
46
49
53
48
46
50
50
51
51
50
43
48
50
46
49
46
48
49
51
50
48
53
49
49
49
45
46
50
42
48
50
46
52
53
51
442
395
355
328
276
297
352
273
283
276
304
60
200
171
272
117
316
55
50
70
469
430
368
345
307
304
302
300
293
85
290
100
265
58
57
56
48
122
56
56
67
51
50
55
51
189
49
51
73
50
50
51
50
49
49
49
50
50
52
48
53
51
53
46
50
51
49
51
45
51
48
52
49
51
50
49
51
50
52
52
49
52
50
51
46
46
50
49
448
394
346
325
309
297
278
282
273
273
258
260
293
261
290
338
73
66
50
51
489
421
396
365
325
307
277
285
301
89
275
314
196
53
193
52
233
49
52
74
54
46
126
52
51
49
50
50
50
53
48
51
50
46
48
54
50
49
51
49
48
51
52
44
51
50
49
52
51
54
49
50
44
51
52
53
52
50
50
48
52
47
50
46
50
46
51
51
51
53
49
53
451
384
350
334
270
308
360
269
283
254
281
179
201
243
317
52
299
61
57
65
466
417
373
333
331
298
289
240
208
268
310
53
87
59
270
88
65
52
130
61
52
128
50
54
89
50
52
77
49
49
50
48
50
50
51
50
48
51
51
52
50
49
45
53
54
49
54
47
46
45
49
51
49
51
46
47
49
45
52
43
48
52
47
51
52
53
50
50
49
50
50
48
48
49
51
49
51
46
45
46
51
48
53
48
50
51
49
50
52
46
50
51
50
50
48
49
52
60
49
45
47
48
50
47
50
43
52
48
52
48
52
49
51
45
42
51
49
57
49
49
51
46
50
46
45
52
50
51
43
47
56
48
50
50
50
54
49
55
53
45
48
47
44
49
49
48
51
48
49
46
44
52
48
49
50
46
44
57
49
52
48
50
52
51
48
46
42
45
49
36
49
51
51
48
48
48
48
49
50
50
49
445
394
360
326
306
302
304
276
261
301
246
242
270
246
310
261
273
58
49
48
478
438
399
361
326
286
313
292
274
98
218
278
125
58
267
121
71
51
141
77
49
64
50
134
50
48
104
51
52
51
49
50
50
49
51
50
52
52
51
49
45
49
51
51
46
51
51
47
49
50
50
51
51
48
52
51
49
52
50
50
49
48
50
45
441
392
352
330
368
284
297
284
142
282
313
64
207
172
322
190
68
84
96
57
480
388
385
353
297
309
287
286
299
53
282
114
90
100
309
67
176
105
51
222
53
50
174
48
52
66
52
49
46
49
52
47
49
52
50
48
49
50
52
51
51
49
52
49
47
49
49
49
53
46
53
51
46
50
52
53
52
48
49
50
51
51
53
51
52
49
54
44
52
49
48
49
52
51
50
50
51
51
52
48
48
51
50
49
49
428
393
349
331
366
308
283
281
224
273
290
79
252
281
59
52
336
56
51
265
470
416
362
331
337
285
300
302
292
74
235
143
244
91
322
332
50
53
93
58
49
70
50
115
59
60
55
54
51
44
48
48
48
50
52
49
50
53
47
51
49
50
50
50
56
50
43
49
49
40
49
50
51
49
50
51
49
49
50
50
46
51
50
45
50
49
51
47
48
52
50
52
50
50
49
448
395
347
328
357
304
350
266
147
271
262
226
271
265
314
246
49
141
52
57
466
411
372
361
278
296
272
279
272
219
293
44
51
207
50
165
143
51
49
48
52
105
55
50
122
52
46
63
50
50
43
47
51
49
50
50
48
51
47
49
47
50
48
50
50
49
49
45
48
48
50
46
51
48
48
49
46
47
50
50
47
46
49
51
49
50
50
44
46
48
51
50
50
51
50
49
448
396
337
305
329
282
311
336
52
274
261
264
252
67
134
281
56
114
18
51
484
421
392
354
330
323
255
300
269
276
179
244
147
280
120
49
222
54
50
138
45
44
67
51
52
59
49
96
49
51
53
48
48
50
49
50
50
49
49
47
46
49
49
49
47
49
51
47
52
50
51
49
53
51
47
46
52
50
50
49
51
48
49
52
48
51
51
51
52
49
51
52
48
51
53
