54
420
414
322
315
363
292
285
284
305
269
238
284
161
0
275
157
0
51
58
54
473
437
384
368
321
305
289
300
305
275
56
267
104
59
227
59
152
107
56
10
62
54
101
49
143
48
56
100
54
56
50
55
53
55
56
51
57
50
49
52
52
56
53
56
57
53
57
58
54
56
57
52
53
51
50
52
57
52
57
53
54
57
56
54
56
52
49
54
53
49
54
51
53
54
53
51
54
54
54
56
56
54
53
54
56
55
50
52
52
53
54
57
51
56
53
54
49
57
53
52
54
444
409
392
330
328
336
297
276
316
304
185
279
253
285
118
54
63
53
156
51
456
425
387
364
330
308
298
274
290
267
261
237
249
174
81
54
119
54
62
113
54
268
57
53
62
54
101
56
54
72
52
52
49
54
51
49
52
50
51
53
54
54
61
52
49
52
53
49
48
52
52
55
54
52
51
53
52
52
54
53
54
49
54
56
53
51
54
53
50
52
54
52
53
57
53
59
52
56
57
50
54
53
58
54
52
53
52
51
52
54
52
55
56
52
54
56
53
52
56
52
57
429
416
370
340
325
319
302
271
310
281
113
280
266
91
162
100
62
50
211
58
445
414
389
345
324
297
242
277
276
94
265
269
59
48
289
68
54
125
54
318
74
52
54
57
51
52
56
54
58
56
54
51
51
53
57
53
54
43
51
56
53
54
56
52
56
51
53
54
57
56
54
56
56
56
52
53
56
59
54
53
54
52
53
56
56
51
54
56
56
58
50
52
58
57
50
54
54
54
53
49
53
56
58
55
57
53
54
51
56
52
52
51
52
50
54
60
56
55
54
56
56
370
406
376
322
317
257
297
288
285
267
134
245
265
58
171
150
349
84
58
126
472
422
401
346
342
302
251
285
269
58
283
83
37
277
76
64
58
56
53
145
113
251
73
60
55
58
59
56
49
53
55
53
51
54
53
50
53
54
49
51
49
57
52
51
50
53
53
53
54
51
52
49
56
54
46
45
53
53
51
53
51
56
53
51
51
53
52
53
53
52
53
55
51
52
51
46
53
57
50
53
48
53
53
54
52
50
55
52
52
54
53
49
37
54
51
56
56
54
50
54
54
219
400
378
390
308
308
310
204
325
251
293
314
150
99
272
85
70
80
58
112
444
434
390
377
336
303
271
291
284
280
48
276
60
57
296
68
59
74
57
75
72
48
131
62
57
51
56
54
80
51
53
50
50
53
52
47
52
55
50
53
48
53
56
50
56
53
53
54
54
52
50
56
51
51
50
50
53
53
51
53
53
55
54
52
57
50
53
53
52
50
53
53
52
52
52
53
54
52
53
56
56
52
51
53
54
56
50
51
50
53
54
56
54
52
55
50
54
54
49
3031
50
382
393
379
347
314
330
302
80
256
304
299
226
112
242
307
93
54
250
52
58
427
427
376
361
325
306
291
302
216
286
275
265
272
308
57
68
60
206
59
54
97
54
57
78
49
51
65
58
60
52
54
54
52
51
52
50
49
52
53
54
56
53
54
57
53
56
53
52
51
56
50
53
52
54
52
57
54
51
54
53
56
49
56
56
49
50
56
54
56
52
52
52
56
53
53
52
53
53
55
51
53
56
52
54
51
50
52
54
54
63
54
49
47
54
57
52
53
58
59
65
53
301
412
370
312
301
313
307
85
316
281
241
286
59
110
262
104
65
174
78
64
473
442
389
353
290
293
269
301
291
261
72
306
97
283
129
63
50
112
53
347
61
54
73
60
60
102
58
57
52
53
57
59
54
52
55
57
57
51
56
53
56
50
57
49
53
56
53
54
48
54
57
62
50
56
58
51
49
57
53
52
53
55
53
56
54
56
57
56
54
54
51
54
56
57
53
55
56
53
53
48
54
57
55
46
57
56
50
56
54
54
56
57
55
54
57
54
52
52
57
64
53
82
409
363
371
316
302
305
243
287
267
275
267
77
102
270
189
355
54
152
76
436
444
393
360
325
325
272
275
273
256
52
280
142
57
274
108
66
137
99
139
56
51
59
107
52
55
82
54
49
60
54
53
53
54
52
54
51
50
56
52
53
55
59
56
53
52
52
50
56
50
49
57
46
56
50
52
56
53
54
57
51
57
52
54
56
54
57
57
54
57
57
57
54
56
49
52
54
56
53
56
54
50
54
63
52
56
54
54
56
52
59
57
52
53
60
57
54
57
55
53
53
215
400
370
334
308
306
304
286
310
294
302
285
154
56
226
105
56
145
57
49
453
219
394
379
324
301
311
59
129
124
286
147
58
132
96
54
57
72
56
405
54
57
52
60
58
147
58
56
171
53
51
48
54
50
50
53
54
58
53
54
52
55
59
51
51
55
53
59
51
50
51
50
40
54
55
57
53
57
46
52
61
50
50
54
53
53
56
56
56
56
57
50
56
57
55
53
50
47
51
56
57
53
52
53
58
54
54
51
51
47
48
54
53
54
56
57
52
55
47
59
52
53
397
373
323
366
291
290
282
86
252
275
255
273
145
202
177
348
43
75
81
366
430
377
346
309
304
308
82
257
262
60
283
74
54
254
56
55
76
53
294
68
49
54
52
50
99
55
55
84
50
51
51
52
53
48
51
48
48
54
50
52
59
49
52
54
54
57
51
53
56
54
51
50
53
54
55
51
52
52
55
52
57
56
49
49
51
54
56
47
52
50
53
51
45
59
54
53
53
53
58
56
56
54
56
52
54
52
57
51
51
52
54
57
57
52
53
56
54
52
56
54
54
397
360
387
317
300
288
290
332
274
266
252
272
56
207
64
316
66
54
358
331
430
390
362
340
296
316
226
241
294
270
77
201
276
54
90
252
54
51
451
101
209
56
52
53
56
52
109
57
52
49
51
53
50
54
54
53
56
53
58
54
56
51
56
55
51
57
56
49
54
51
57
50
56
53
51
53
53
54
49
49
53
53
56
57
52
49
53
52
54
54
52
55
52
51
53
56
52
55
51
50
53
54
57
56
53
52
58
53
52
52
52
51
50
56
54
53
50
53
57
52
57
392
353
390
306
314
289
293
189
269
263
315
108
137
261
59
241
88
47
106
346
431
384
356
342
312
285
296
262
270
259
287
252
313
91
98
162
57
54
75
191
77
56
51
98
58
56
78
54
55
52
49
54
50
51
56
55
55
52
55
56
53
52
49
50
56
56
48
53
54
54
49
54
54
53
51
54
54
53
55
57
56
56
58
57
57
57
56
56
54
57
56
49
48
52
49
51
52
52
54
54
51
56
56
53
54
57
53
54
53
50
54
51
49
56
56
51
52
54
60
54
54
392
357
329
309
307
284
197
279
280
245
296
245
234
258
216
146
65
85
65
308
436
365
361
309
265
302
252
281
284
61
298
110
58
268
55
56
56
72
266
81
58
52
70
59
53
61
56
57
55
53
54
55
54
53
54
53
50
55
54
53
57
53
56
54
54
51
54
57
52
53
53
52
56
53
57
54
53
51
46
54
53
55
56
51
55
56
56
53
50
54
54
56
53
52
57
52
56
51
57
54
56
51
57
54
53
52
55
54
53
56
59
53
52
54
53
56
53
51
65
53
53
403
357
362
312
264
292
303
260
274
268
285
64
298
81
160
292
56
54
52
328
452
355
351
322
282
290
303
126
243
305
259
196
282
54
54
162
62
54
282
57
29
74
60
164
58
54
54
51
50
50
52
54
57
50
53
51
53
45
56
54
56
51
56
54
53
52
53
54
54
52
49
56
54
54
52
52
54
55
53
53
51
53
51
52
56
53
57
56
54
55
52
56
53
49
50
57
52
51
56
52
58
58
54
53
58
52
56
53
54
53
53
54
54
56
52
53
53
51
64
51
53
442
375
316
364
306
348
294
251
286
234
270
277
0
39
298
57
329
44
54
91
439
420
353
359
328
278
273
325
285
53
189
57
305
51
179
238
62
128
193
56
60
64
57
56
91
53
99
53
58
53
56
54
54
52
56
52
54
47
56
56
54
54
56
53
52
50
52
45
60
59
56
54
51
57
53
50
54
56
56
57
49
57
53
51
54
53
52
47
54
54
54
53
54
52
52
53
56
53
50
51
54
56
55
54
48
54
54
58
53
57
54
54
54
54
54
54
54
57
54
51
52
417
387
340
325
298
340
283
241
297
234
324
306
319
169
236
63
72
87
55
54
437
409
374
322
338
298
294
250
282
54
64
178
166
235
64
53
158
243
56
106
57
57
62
57
138
56
55
56
56
50
55
54
53
53
51
53
53
51
50
53
51
54
54
52
53
54
51
55
52
52
54
54
56
56
53
53
53
50
54
52
51
56
54
52
57
54
52
54
53
50
56
49
51
56
53
54
54
51
57
53
56
56
53
56
56
57
52
51
56
52
56
56
53
57
56
53
55
53
53
53
54
438
380
374
329
307
306
285
292
272
244
235
244
255
120
235
278
58
62
72
72
450
416
380
361
341
290
289
264
293
294
247
273
98
59
238
55
76
54
97
64
56
149
57
54
83
52
54
58
53
54
54
58
54
54
54
50
53
56
56
52
50
56
48
53
53
56
56
52
53
52
54
52
57
57
52
57
57
53
54
51
53
55
50
54
56
57
52
53
56
48
57
55
57
53
53
49
61
55
50
52
54
52
56
50
54
49
52
52
49
54
53
56
53
55
53
56
53
54
62
54
50
418
381
357
313
310
293
296
280
235
250
264
92
280
303
478
54
144
64
58
145
481
419
364
341
331
292
300
272
264
273
177
240
124
75
55
97
54
56
462
61
56
89
56
136
70
61
52
53
54
51
52
57
51
51
57
53
51
55
51
46
53
50
52
53
56
54
56
50
51
53
52
56
54
52
51
53
54
50
52
54
51
56
57
53
53
52
51
54
52
53
55
48
49
53
54
52
57
54
51
52
54
54
54
53
54
52
54
51
52
52
51
47
50
53
52
52
52
51
54
56
53
420
381
378
329
305
298
279
314
265
265
262
248
280
124
297
203
63
57
54
49
459
395
341
361
305
318
268
305
292
73
286
155
64
131
54
52
90
51
57
126
56
56
72
54
120
50
54
101
52
51
55
54
52
48
53
53
57
53
56
54
52
52
57
56
51
54
52
50
50
49
54
54
56
57
54
56
53
53
50
56
57
53
56
53
54
56
51
47
51
56
54
53
53
51
56
52
56
52
53
53
53
54
57
54
54
52
52
57
57
56
51
56
52
54
52
55
52
53
64
53
53
425
386
354
323
307
288
299
274
272
261
262
142
278
284
289
131
234
168
62
51
480
406
374
331
340
292
285
278
272
56
251
105
213
243
185
195
63
53
117
63
57
124
65
56
54
58
131
56
49
56
49
56
52
56
58
55
57
57
51
54
56
54
58
54
53
60
52
53
54
51
56
56
56
56
56
51
53
57
56
54
56
48
54
56
56
51
54
56
54
57
52
53
51
52
55
56
51
56
51
54
57
52
52
54
53
51
54
51
52
58
54
53
56
55
53
49
56
51
59
50
55
416
382
365
318
307
297
283
305
266
261
261
209
329
101
131
91
318
56
114
49
469
413
387
308
339
312
281
113
281
292
57
256
226
258
72
54
67
55
134
373
55
171
51
58
194
56
53
63
56
57
51
53
54
52
52
51
52
51
55
54
53
52
51
51
56
56
51
53
54
53
53
52
53
54
53
52
52
52
57
59
56
52
48
54
56
53
53
53
52
51
54
50
53
50
56
53
53
49
57
52
55
54
51
54
50
56
54
45
54
58
50
53
52
53
56
56
51
51
61
53
55
424
389
328
321
356
293
296
284
308
291
277
151
279
270
277
327
68
154
54
59
452
413
367
360
299
316
280
277
266
280
296
53
74
170
54
91
52
107
243
53
138
56
54
86
57
55
71
52
140
54
56
53
54
53
56
56
53
53
53
52
52
53
48
56
53
53
51
57
51
56
57
54
51
49
53
53
50
53
51
53
49
53
52
54
53
54
54
50
51
51
52
53
52
52
54
57
48
54
54
51
58
52
52
54
56
49
56
50
53
52
53
50
54
53
49
53
57
53
52
56
54
428
382
345
314
342
303
338
282
275
277
277
140
305
306
255
273
117
66
56
75
451
406
345
352
310
314
284
302
280
170
261
163
59
151
54
114
59
55
134
58
54
60
52
101
66
54
96
60
155
70
50
56
53
51
49
55
50
56
56
56
53
51
51
49
51
50
54
52
53
54
55
54
50
54
53
50
50
51
52
50
53
59
56
55
46
57
55
56
51
50
59
56
53
60
54
58
50
57
56
54
57
56
53
57
51
53
57
54
50
50
53
54
57
54
56
58
57
52
57
56
51
418
374
354
276
306
291
338
272
246
296
293
322
239
63
260
78
331
72
59
57
461
412
390
337
322
299
280
306
290
291
162
244
66
68
291
58
227
59
270
377
61
54
75
54
57
59
54
52
54
53
56
53
57
54
53
54
50
52
56
53
51
51
56
50
56
54
54
54
52
49
56
53
56
52
51
52
58
49
52
59
56
51
54
53
57
52
57
54
56
52
54
56
54
52
51
54
57
53
54
54
53
53
44
52
54
49
57
54
54
50
52
56
52
51
46
53
53
51
53
57
54
425
381
363
316
321
293
278
293
136
266
261
286
251
270
288
275
70
53
80
126
468
420
381
356
326
338
317
264
308
232
63
299
258
62
126
51
61
55
157
397
54
64
55
56
62
57
112
54
54
54
55
57
51
52
53
55
49
54
56
56
50
52
52
53
54
56
56
52
58
53
54
53
54
60
56
53
56
56
57
53
52
56
58
56
54
57
54
56
54
52
53
56
51
56
53
56
54
56
54
54
52
53
52
51
48
50
56
54
52
56
54
52
56
55
52
52
53
49
65
55
56
414
380
352
305
324
278
317
260
258
275
290
144
176
261
119
58
341
52
56
478
465
424
320
346
316
289
192
267
272
232
293
283
160
58
258
53
245
50
54
180
58
53
61
55
53
65
56
89
55
56
54
53
56
52
54
52
49
56
53
49
56
52
56
47
56
49
54
53
52
53
54
56
52
51
56
52
56
53
57
57
50
56
51
55
51
54
51
58
51
57
54
56
56
56
53
56
54
51
54
51
51
54
54
50
53
53
51
53
52
52
53
53
56
54
54
51
54
53
57
51
53
416
385
348
322
341
298
344
284
284
291
311
69
269
266
302
243
113
59
53
60
459
423
362
293
309
304
308
269
274
166
280
53
294
137
62
93
56
250
60
53
160
54
53
82
61
110
57
53
52
54
58
52
49
56
55
54
56
53
49
54
50
56
57
54
56
54
54
51
59
51
50
56
53
51
54
52
56
53
52
52
52
52
54
53
52
52
50
52
53
53
50
51
52
51
56
52
53
49
56
52
45
49
50
52
49
56
51
54
53
45
51
49
53
50
53
53
50
50
66
54
53
432
389
332
322
338
291
346
281
222
315
258
270
203
281
57
195
181
53
52
160
454
427
347
338
341
294
297
284
269
53
217
52
255
141
60
50
60
65
411
62
54
52
57
52
142
54
59
96
52
54
56
57
49
56
54
57
54
57
56
53
56
56
53
51
54
51
52
54
47
56
52
54
53
53
56
52
56
50
49
48
52
56
65
53
54
56
57
54
54
50
56
55
56
53
52
57
54
57
55
49
53
54
57
51
55
52
52
49
54
57
53
48
52
54
55
60
60
56
53
51
53
435
392
352
372
289
337
302
316
90
268
267
244
125
274
283
88
312
166
58
352
462
392
374
309
341
298
274
270
248
51
259
130
188
190
162
57
56
206
56
51
89
49
56
62
57
53
50
52
53
53
57
54
56
54
57
50
51
51
52
50
52
53
50
49
59
56
54
56
56
56
53
53
51
52
53
53
53
54
56
53
51
55
53
54
56
54
56
50
53
54
54
54
53
52
56
57
53
52
51
54
54
56
59
57
56
54
54
56
54
52
56
51
53
51
56
53
51
54
51
49
52
54
400
368
331
322
308
285
276
308
273
288
241
243
0
264
170
353
51
52
179
366
446
362
357
348
314
259
291
194
265
282
274
288
211
59
52
62
62
173
258
57
50
56
53
51
57
54
99
54
53
53
49
53
51
56
54
53
53
50
53
55
49
53
51
48
53
53
51
52
51
54
50
54
52
53
52
53
53
54
53
52
54
54
52
53
48
57
56
53
53
52
56
54
53
54
57
57
54
50
48
51
52
52
53
52
53
52
52
53
54
53
53
52
54
50
50
54
50
53
54
57
53
398
314
333
312
293
288
291
274
240
237
313
196
292
211
156
57
131
58
57
53
451
368
360
325
306
314
272
273
184
272
294
299
52
137
55
54
56
108
60
100
53
52
175
56
56
107
60
59
46
54
53
56
52
57
52
59
52
53
56
52
56
52
57
53
58
56
54
51
57
60
48
51
56
54
54
54
57
57
53
54
53
56
53
53
53
53
58
54
56
56
56
54
52
57
54
52
57
54
57
54
53
53
56
50
56
52
57
52
56
57
50
52
57
56
48
53
54
57
46
48
52
51
52
382
330
369
317
308
320
283
294
243
262
302
298
291
222
294
99
302
49
90
61
456
409
366
355
304
290
147
122
184
249
280
43
46
54
91
52
53
67
57
219
70
54
139
59
67
72
53
51
52
42
45
53
50
53
46
49
51
50
39
54
51
52
50
50
48
52
49
51
48
47
50
50
50
54
52
52
49
52
49
52
48
50
56
53
49
52
50
49
52
49
53
50
50
48
52
51
49
50
51
48
53
44
51
50
51
44
48
51
53
49
47
48
47
52
50
55
48
51
48
48
52
51
53
51
52
50
55
52
46
50
54
52
51
53
45
46
51
53
46
51
49
43
47
45
50
46
50
42
49
50
44
51
50
46
46
48
51
53
45
50
50
48
46
50
48
44
50
49
50
51
49
50
45
49
44
48
49
44
51
45
48
45
51
48
50
43
47
45
50
51
49
47
52
50
44
53
44
50
48
50
46
48
49
45
47
49
44
49
45
51
46
48
52
46
50
48
52
46
49
53
401
403
348
306
298
341
316
285
308
286
319
162
182
68
138
58
228
51
53
140
459
406
380
334
310
304
278
309
284
238
304
24
270
148
285
350
76
45
128
331
56
130
55
48
74
52
52
62
53
50
48
49
49
44
53
54
47
48
48
53
48
49
52
50
51
52
49
49
43
54
46
49
51
52
50
51
50
49
50
49
45
48
48
52
50
58
48
49
50
45
50
48
50
51
45
49
51
48
50
43
50
49
56
50
50
51
52
49
49
49
44
53
48
53
45
54
44
51
48
51
52
54
52
51
49
50
49
50
52
53
51
49
48
44
49
51
45
50
51
51
51
51
46
51
52
51
48
52
49
51
43
53
50
53
52
51
50
53
50
51
52
51
48
50
49
51
50
46
50
48
49
44
49
50
49
46
49
53
53
54
52
44
48
50
52
53
50
50
50
52
48
45
52
48
50
51
49
52
46
50
52
50
50
47
49
52
51
50
47
49
52
49
51
45
51
49
51
51
54
51
398
415
341
326
300
277
258
250
268
321
255
246
233
252
50
109
330
51
93
162
449
385
355
353
314
293
275
203
270
278
50
270
91
50
145
54
53
65
62
48
81
50
88
58
49
120
51
49
49
50
50
50
49
48
49
50
49
47
49
52
50
50
49
43
50
49
51
50
49
50
46
47
51
52
50
50
49
54
49
46
49
46
47
49
51
50
50
51
51
51
49
52
51
49
40
51
43
51
49
52
51
51
50
50
46
51
50
50
49
48
47
50
54
46
48
53
48
51
49
44
49
48
48
53
49
52
45
50
46
49
50
50
51
46
49
50
47
50
54
51
51
43
50
46
49
48
50
50
46
50
49
51
50
51
49
47
52
429
379
355
314
269
292
276
282
65
266
259
265
246
68
222
252
56
131
59
50
459
410
373
308
326
294
69
249
281
282
284
122
51
96
49
51
74
54
46
51
52
52
53
53
133
54
51
66
48
100
51
50
48
49
51
50
48
51
49
52
49
51
52
58
55
54
48
51
51
49
52
46
53
47
50
53
49
51
50
51
51
50
45
48
48
54
46
52
52
48
49
50
50
53
53
48
52
50
49
50
46
51
50
51
50
52
53
51
53
48
52
48
51
51
52
51
51
53
49
60
48
50
46
53
51
53
52
48
50
51
49
52
51
54
51
53
52
48
52
60
50
50
51
52
53
46
51
49
51
49
49
49
46
50
51
47
56
51
52
60
49
53
46
53
56
50
51
50
51
49
49
51
56
51
50
49
50
44
49
59
51
48
51
51
48
52
49
52
51
51
49
52
47
48
52
48
49
44
50
60
51
48
52
51
49
50
48
48
51
45
48
45
42
48
46
52
46
52
48
57
49
49
49
53
49
49
47
52
49
46
46
48
48
46
45
44
46
50
44
58
45
46
47
48
48
49
46
53
49
48
46
49
49
52
50
51
48
49
40
60
46
49
49
49
50
51
48
49
52
46
46
46
48
53
51
48
50
46
51
49
50
49
42
49
46
48
49
50
49
46
48
47
47
51
43
50
50
50
49
58
50
53
43
48
50
53
46
49
46
49
48
48
48
48
57
48
49
45
50
57
51
44
52
49
41
50
49
55
49
49
49
50
50
45
46
49
48
50
50
60
51
54
52
50
46
50
49
52
51
51
51
48
43
50
51
49
49
50
48
58
53
50
46
51
51
55
48
50
51
51
49
46
51
48
50
45
47
51
53
61
48
52
51
45
51
48
43
51
56
48
52
50
51
51
51
49
57
52
49
60
50
50
50
44
50
46
48
51
52
46
52
48
49
50
50
48
48
49
49
56
51
46
51
51
49
47
49
50
51
42
50
48
53
51
51
52
53
50
49
54
50
50
54
51
49
50
44
51
49
51
48
49
53
50
53
51
46
49
47
58
51
49
44
48
50
45
50
51
50
50
44
51
49
49
53
52
45
50
50
52
49
50
51
50
46
52
55
46
51
52
46
49
43
50
45
50
50
51
48
60
49
51
52
47
49
50
47
46
48
53
53
40
48
46
51
50
49
50
53
58
48
49
49
51
48
49
51
45
49
50
46
49
51
45
51
46
50
51
50
56
50
45
49
51
48
45
50
49
52
50
46
49
46
47
51
51
49
50
47
57
45
50
49
49
52
50
50
45
48
50
52
51
50
51
49
51
45
44
48
56
52
48
50
52
50
52
48
49
43
48
48
51
51
49
51
49
47
50
52
50
