70
70
69
341
303
276
278
250
230
225
185
222
170
188
67
206
72
100
59
69
155
67
366
337
277
273
244
216
236
221
147
226
213
75
73
163
65
68
119
94
70
192
100
65
67
70
98
65
69
66
65
70
70
67
65
66
67
67
62
72
61
62
64
63
72
69
69
65
67
70
66
70
64
64
72
64
61
61
71
60
64
65
68
341
306
278
294
250
240
234
227
197
181
217
218
225
69
68
77
68
132
75
362
317
307
267
227
255
240
238
229
225
191
145
145
138
72
73
91
70
72
66
72
74
94
133
67
65
69
72
66
69
69
68
65
69
70
68
67
68
70
59
66
67
66
67
72
69
66
66
67
61
69
64
73
67
70
67
61
69
61
320
260
243
252
246
267
227
195
221
196
233
150
280
153
116
69
78
130
300
333
300
282
234
217
236
235
232
162
146
228
246
76
69
70
168
70
105
265
70
71
74
65
69
65
61
68
67
65
67
66
65
69
67
73
67
67
70
70
68
64
67
62
69
65
69
66
68
63
65
65
67
64
65
64
65
68
60
61
69
67
64
67
66
59
66
68
69
68
69
69
70
68
69
64
336
309
278
288
253
240
235
227
208
249
214
226
73
59
92
136
66
74
70
354
333
296
260
228
256
223
214
134
221
205
114
168
166
84
74
72
73
74
75
69
77
70
69
70
69
70
65
70
64
73
70
64
72
65
69
65
65
66
69
69
72
67
66
69
65
66
67
69
66
66
68
66
72
66
67
61
69
61
68
67
72
67
67
65
70
66
65
61
66
73
59
67
65
69
61
68
214
321
278
268
250
237
236
236
208
217
187
198
163
72
114
72
65
77
113
66
333
299
270
229
152
216
197
88
238
226
104
101
169
190
78
75
66
105
69
73
72
69
68
72
65
67
87
68
64
67
65
70
66
66
69
65
64
62
66
64
68
68
70
66
70
63
67
66
65
63
70
67
66
66
61
68
68
68
68
68
69
68
70
68
66
67
68
67
62
315
290
263
249
239
233
217
227
212
58
140
16
242
72
94
105
179
72
67
387
318
261
266
254
242
223
201
213
226
122
211
109
76
68
68
69
65
66
85
66
76
92
96
69
94
104
66
68
61
65
66
70
67
72
67
68
67
67
66
68
68
72
67
66
67
66
66
63
66
67
70
66
67
68
68
66
66
65
64
66
69
62
70
65
66
67
62
68
63
62
67
229
324
292
300
285
250
226
232
219
107
218
90
93
245
53
70
89
182
70
72
298
316
272
259
260
242
227
118
234
154
69
208
171
64
118
75
72
69
63
66
68
73
245
68
70
66
227
72
66
67
64
72
64
64
66
69
67
72
64
70
72
68
52
65
71
226
65
63
62
226
68
68
67
62
65
67
65
68
69
60
66
62
67
72
72
66
68
66
319
292
291
232
240
236
190
229
205
147
214
347
188
254
158
94
76
77
67
284
310
286
235
220
244
236
230
96
184
236
201
69
69
68
184
125
69
66
80
67
79
62
63
90
66
67
66
58
70
66
65
73
68
65
70
76
73
64
72
67
65
66
62
66
67
71
65
66
66
69
69
70
62
57
65
64
64
69
67
66
66
317
290
272
256
153
232
244
225
208
157
94
121
185
75
69
201
102
73
64
355
306
265
253
235
222
233
225
67
237
219
69
69
208
65
62
176
78
68
70
88
74
70
67
83
69
229
66
61
65
229
67
64
68
72
64
70
68
68
65
66
66
61
70
67
224
68
70
66
229
68
69
69
67
66
68
67
68
68
63
73
67
68
68
70
68
64
74
81
66
309
296
265
354
241
239
218
203
225
172
217
403
218
176
133
79
69
76
121
354
314
283
262
243
245
230
247
236
96
206
68
85
62
90
90
68
88
80
77
73
70
73
70
68
70
65
67
66
68
230
68
68
64
232
64
73
67
66
66
65
69
67
67
69
67
67
61
64
214
66
64
67
229
67
67
69
70
67
65
68
74
62
67
73
64
65
63
63
65
67
65
230
64
67
67
226
66
70
73
339
288
280
266
244
259
228
220
209
103
121
213
66
197
58
86
134
67
72
358
281
302
275
245
231
243
232
213
82
175
204
292
76
203
97
72
97
76
74
67
62
69
78
70
67
62
66
62
64
66
108
72
64
63
78
73
67
313
77
68
69
67
72
65
59
65
70
65
69
62
68
68
68
67
66
61
67
65
68
293
307
246
264
280
241
205
226
219
221
222
205
185
203
67
269
65
227
74
115
100
59
67
345
309
285
238
235
201
226
223
220
216
188
169
68
201
81
70
67
133
68
65
67
69
76
66
70
69
77
70
66
66
64
68
69
58
67
64
69
68
64
67
73
65
68
64
68
69
75
68
98
72
65
68
66
67
67
69
65
60
66
65
62
73
67
75
69
68
70
68
72
65
63
77
69
67
68
67
65
69
60
67
66
68
67
68
63
67
66
65
69
65
72
230
65
67
67
342
283
258
262
267
235
220
216
255
248
212
216
121
73
98
66
65
69
72
368
335
301
282
256
214
236
230
217
208
180
90
115
211
252
72
74
64
129
65
60
69
72
64
64
74
67
64
70
66
67
68
68
67
65
67
65
69
64
70
65
66
66
63
68
68
62
59
67
66
65
65
69
60
71
64
70
68
65
69
66
66
64
62
69
67
67
63
66
62
58
70
66
68
62
62
66
68
67
64
227
65
66
67
227
67
70
63
74
68
65
68
68
67
65
341
330
264
272
242
265
263
226
228
216
203
227
80
235
136
67
67
72
68
352
325
301
273
241
228
226
53
203
68
76
67
213
70
91
74
148
72
96
97
73
64
63
73
70
66
68
58
62
73
194
68
67
68
226
65
67
68
67
80
74
165
72
60
66
67
62
63
65
67
65
67
61
215
70
66
66
228
65
68
62
62
67
66
66
70
70
64
328
311
230
255
248
243
170
68
222
213
153
68
75
100
81
70
232
80
94
349
326
276
270
261
243
221
238
115
206
206
70
72
211
19
73
196
119
89
70
69
90
69
95
66
70
66
67
68
66
66
70
66
61
64
64
62
69
63
57
63
65
66
69
65
68
68
66
67
67
62
67
64
61
65
71
67
70
67
68
70
60
68
66
73
67
64
68
69
60
70
68
66
63
64
64
70
60
67
67
68
67
67
69
65
66
67
65
63
67
69
65
64
61
