43
51
45
48
49
445
371
340
323
309
301
302
277
277
338
192
222
197
145
291
67
340
82
57
118
469
396
360
309
323
310
281
251
255
280
150
163
54
354
59
94
216
54
494
77
51
51
54
52
100
50
48
50
52
51
51
48
44
48
50
51
44
48
49
50
50
49
49
52
50
48
49
442
413
346
321
292
308
289
284
284
275
222
247
265
181
53
181
342
98
70
51
464
384
337
358
296
313
282
305
301
58
179
53
226
62
200
128
52
102
53
217
102
66
52
119
51
51
105
53
51
48
52
50
52
49
50
45
49
44
49
53
48
52
47
51
52
53
53
48
51
49
51
50
49
50
50
51
420
397
350
330
365
285
268
292
307
287
301
69
305
209
291
49
212
49
54
64
56
420
349
352
314
308
284
261
296
143
93
50
239
172
174
247
48
122
108
52
102
60
50
106
51
49
91
51
44
52
50
48
46
50
48
51
52
46
48
49
50
51
49
50
49
52
50
51
52
46
51
51
50
43
50
52
50
49
47
50
51
54
50
442
401
341
330
305
300
291
275
273
317
327
262
285
46
288
69
189
43
51
56
458
418
378
352
310
321
272
293
278
83
283
202
74
48
67
45
52
182
56
46
190
52
50
104
52
52
56
48
108
51
50
53
49
50
53
48
47
48
51
51
49
52
50
50
52
51
51
51
49
57
48
52
50
52
49
50
49
50
51
50
50
50
50
46
52
49
56
45
50
50
52
50
48
51
50
46
53
51
49
54
50
51
52
443
413
324
319
316
291
285
294
268
281
261
261
286
204
53
132
322
47
49
376
461
412
364
320
298
274
284
283
258
292
278
165
112
50
50
154
83
48
74
55
48
115
54
47
96
49
50
76
48
50
51
46
50
49
50
47
51
50
52
51
48
48
50
50
47
47
49
54
46
51
51
55
418
416
354
326
309
276
315
281
324
309
256
266
275
172
50
80
202
119
50
343
459
389
364
334
209
312
284
263
265
288
245
138
134
73
48
166
50
53
110
51
54
93
50
50
49
52
53
52
45
50
49
44
49
49
45
50
50
50
49
52
47
50
50
49
47
47
48
52
50
49
54
48
44
46
52
50
51
51
48
49
49
50
49
51
45
51
48
45
47
46
50
45
51
52
442
408
333
320
323
299
287
318
267
269
266
273
253
146
54
113
84
52
47
70
453
425
368
352
282
294
255
278
282
45
204
48
246
128
275
51
475
109
109
53
48
72
48
50
57
49
45
59
49
46
51
53
50
50
49
48
48
46
49
50
51
50
48
48
48
44
43
52
50
52
54
52
49
50
48
49
50
49
50
50
49
50
416
387
330
345
334
290
288
306
266
270
105
190
112
71
64
77
52
258
104
49
469
411
365
319
300
293
273
255
291
266
258
260
156
52
91
64
54
49
462
53
226
59
49
102
48
53
50
50
53
48
48
50
45
48
50
51
51
56
46
51
49
52
48
47
50
48
51
52
51
50
50
48
50
47
50
46
51
51
51
51
47
48
45
49
51
50
49
52
49
51
50
50
49
50
49
49
50
48
50
436
343
347
341
266
309
291
267
326
315
222
273
261
142
47
107
139
52
97
83
454
415
353
353
289
282
262
275
273
185
277
83
526
278
134
52
49
61
54
53
102
51
48
173
48
48
123
38
50
51
52
51
50
51
50
49
49
50
51
51
49
52
48
42
47
52
51
49
45
50
50
51
50
46
51
48
44
48
49
49
51
50
49
51
49
51
51
52
46
49
50
430
387
330
376
322
294
332
290
308
302
333
253
287
246
50
96
292
51
49
488
442
419
377
333
109
254
273
273
262
179
271
141
209
138
51
49
45
65
456
51
50
50
88
51
43
66
52
48
52
52
49
50
52
51
49
51
50
51
47
46
48
52
49
46
48
50
51
48
52
51
52
50
49
49
51
48
45
53
49
44
49
51
397
392
348
331
307
299
283
289
284
281
259
274
186
198
66
52
317
78
52
305
420
422
324
338
294
293
256
278
281
225
249
214
56
150
91
56
188
86
493
110
49
52
108
50
51
147
49
49
50
48
50
44
51
44
48
51
50
52
50
51
48
51
50
47
47
51
51
49
50
425
307
350
326
309
270
338
282
271
339
257
272
265
304
51
117
56
52
141
57
473
413
361
335
331
289
291
282
286
112
255
56
254
58
51
368
51
300
467
50
48
71
53
43
50
49
48
57
49
45
45
50
51
46
45
49
51
51
49
48
49
49
51
53
51
48
49
50
433
384
347
338
298
258
284
297
264
274
294
242
208
100
57
56
208
73
49
424
465
425
385
349
316
330
60
292
275
49
294
292
299
149
91
264
49
62
58
50
58
48
86
62
48
49
52
48
144
49
44
53
50
51
46
46
46
49
49
49
45
49
49
49
49
49
50
46
51
53
50
444
340
344
345
298
300
289
255
304
305
50
118
213
106
49
77
46
129
120
52
464
388
370
334
305
310
174
268
269
222
266
328
174
50
50
29
56
50
93
49
51
57
50
52
51
46
105
48
46
45
48
51
50
49
51
50
51
49
46
49
45
52
51
48
49
51
435
378
341
289
353
308
281
280
270
263
51
168
177
89
51
51
51
195
58
50
475
410
381
286
308
321
276
270
250
52
146
88
60
126
81
53
52
213
53
51
126
53
46
142
51
54
100
51
48
51
48
51
50
50
52
51
49
44
52
47
50
49
55
51
50
50
50
46
51
49
50
50
44
50
46
52
49
50
46
52
49
51
48
51
48
51
50
49
48
50
52
51
50
50
50
50
49
46
403
373
341
319
86
310
293
276
323
267
51
277
60
268
132
52
187
56
51
112
454
397
344
334
320
307
294
293
289
141
276
228
61
180
68
51
93
63
106
389
51
48
64
49
86
51
176
108
49
51
54
43
51
48
52
46
52
51
51
49
50
49
50
47
48
50
50
405
361
340
283
60
338
285
282
262
246
50
279
181
343
48
325
304
53
104
53
451
333
352
330
312
319
268
291
297
296
296
298
52
69
52
107
173
53
129
60
51
117
56
48
62
46
90
49
50
49
50
44
49
49
50
52
51
51
47
49
46
50
49
48
50
48
52
49
50
51
51
48
406
329
346
277
66
291
272
276
291
48
0
180
225
355
88
124
238
52
43
138
446
385
324
330
303
292
269
275
273
50
208
275
299
58
123
66
53
221
50
293
82
52
202
50
53
53
53
418
51
51
47
47
49
52
46
50
51
49
49
50
49
49
50
49
52
50
49
50
47
49
376
353
334
316
336
282
292
175
277
268
308
51
130
213
176
75
50
164
51
479
408
378
346
321
305
274
276
293
238
46
288
178
51
81
51
66
48
51
64
50
126
49
53
63
52
97
50
50
64
49
94
46
46
48
50
46
44
42
46
49
50
49
49
46
50
49
48
51
48
54
50
50
53
51
47
49
50
45
51
49
44
51
51
49
51
49
46
49
48
44
50
48
46
48
49
49
402
354
337
323
322
305
280
275
252
156
267
153
236
104
51
46
275
48
50
52
449
393
354
310
314
273
300
283
268
96
240
58
264
156
212
65
50
160
476
46
53
47
89
50
48
51
49
48
56
49
47
50
50
49
49
46
52
50
48
49
51
47
50
51
41
367
357
348
360
360
296
285
286
273
184
321
176
108
133
42
46
67
53
116
42
451
357
371
349
326
182
286
296
284
69
288
272
201
460
102
47
78
51
50
50
54
51
150
54
49
57
49
177
50
50
46
50
48
49
50
48
50
49
51
48
50
46
50
46
49
53
52
398
317
336
341
320
304
280
290
294
258
237
285
99
67
94
317
276
344
165
65
447
402
354
336
308
304
251
272
232
267
241
94
58
254
49
56
195
57
131
101
51
122
54
51
99
46
50
49
48
49
421
52
94
50
46
53
51
51
46
50
49
52
53
50
52
48
49
45
46
48
50
49
58
51
49
403
361
334
339
306
297
292
285
269
275
280
211
50
109
52
218
57
49
59
61
438
378
334
219
270
189
142
242
276
263
277
492
99
160
45
481
110
53
90
61
56
89
50
89
52
54
51
45
49
51
50
49
52
52
54
45
52
53
49
52
46
48
51
47
52
49
50
48
51
48
51
402
375
337
313
313
306
275
281
254
256
251
139
53
95
48
200
54
50
151
57
448
386
363
330
308
290
290
270
291
95
213
73
169
249
53
91
44
51
302
86
62
52
49
264
51
52
51
89
53
46
48
92
51
389
47
92
72
54
48
91
51
48
50
93
51
49
50
92
53
44
48
94
48
45
51
90
46
51
51
92
51
52
50
51
402
320
341
307
297
261
322
280
254
245
263
115
95
120
48
111
89
54
46
52
444
336
345
328
310
292
243
296
291
70
298
268
156
261
145
121
142
51
0
49
46
83
52
51
48
51
51
47
49
50
50
51
52
52
46
48
49
50
50
44
50
50
56
51
52
50
50
49
48
51
51
50
50
48
51
51
49
49
52
408
317
325
322
308
294
284
281
284
217
0
154
251
218
118
57
346
75
54
85
439
400
315
348
336
58
292
298
296
192
293
256
260
156
50
61
51
98
0
52
68
52
49
56
50
100
50
49
80
53
49
50
52
50
43
50
50
49
54
49
52
49
50
50
49
51
46
394
375
329
317
304
294
293
235
272
273
274
235
88
50
48
84
52
48
84
329
448
384
362
314
322
196
282
269
299
236
251
278
214
281
51
51
168
50
188
66
51
147
61
48
101
53
49
49
51
53
51
51
51
45
47
50
52
53
49
52
51
51
51
49
51
53
51
49
47
52
45
401
347
338
360
57
299
238
321
276
268
277
147
48
165
267
150
118
53
0
158
437
387
352
340
304
241
309
268
289
206
286
53
285
262
51
61
50
109
51
52
52
52
107
56
49
113
51
49
60
51
47
54
48
51
49
51
47
50
40
50
45
46
49
51
47
50
48
52
50
50
45
50
49
51
47
50
51
51
51
51
48
50
43
50
50
49
51
44
48
402
358
336
298
306
305
288
282
261
241
302
78
53
85
64
128
111
48
147
80
454
401
349
332
297
296
252
269
267
270
273
241
185
128
64
51
220
65
51
61
49
128
54
52
66
53
51
50
52
59
48
101
50
50
48
51
53
49
49
51
50
50
51
49
50
49
50
47
51
52
51
51
52
51
45
52
50
53
49
51
53
51
48
52
51
52
53
48
51
49
52
57
48
45
51
51
50
51
53
52
57
47
49
50
54
52
47
52
398
373
312
313
302
294
293
273
272
259
270
176
33
128
68
293
40
189
202
95
419
381
370
332
326
290
196
299
297
299
276
290
178
179
49
483
51
44
50
54
262
81
50
43
55
50
104
51
142
52
46
47
49
50
46
50
49
48
49
53
49
50
47
51
50
49
45
51
46
47
50
50
47
50
48
49
46
49
49
48
50
47
50
51
50
47
49
49
50
50
49
48
50
50
373
336
340
299
169
286
268
278
266
262
273
58
49
108
176
52
125
52
193
60
451
356
373
314
209
286
251
296
280
256
51
307
64
56
90
56
220
96
491
443
55
49
83
51
46
55
52
121
50
43
48
50
49
49
47
50
53
46
46
50
49
49
46
48
51
50
46
47
50
51
46
48
43
40
45
47
49
53
52
48
48
44
392
376
327
338
341
290
282
323
274
273
280
229
331
58
228
190
453
269
198
372
393
393
335
334
328
200
260
279
269
91
285
224
261
146
50
50
53
49
162
51
109
52
52
117
52
53
50
48
50
50
49
54
51
48
50
48
50
44
49
56
53
45
50
51
48
50
49
430
50
43
51
52
51
56
49
51
48
50
45
48
50
52
358
356
340
307
201
259
284
285
259
235
264
190
122
61
50
0
54
49
82
67
449
394
345
333
303
300
268
233
301
56
267
128
57
194
74
125
273
45
144
402
48
49
51
50
91
52
92
436
50
109
49
51
50
47
50
47
54
48
50
51
49
49
51
53
47
49
45
51
49
406
325
338
292
52
281
342
278
252
248
277
60
49
79
50
243
56
185
306
126
445
384
339
309
269
160
269
299
288
57
304
289
246
51
52
108
50
48
104
53
122
48
49
52
51
114
48
49
54
46
49
49
46
50
50
53
53
51
53
48
48
48
52
49
52
50
50
50
52
49
53
50
51
44
44
50
49
52
52
51
52
50
51
49
51
48
48
51
46
51
50
49
45
49
51
49
398
365
328
322
173
299
292
277
280
270
277
230
48
121
81
262
238
139
46
52
421
393
354
346
323
283
293
288
290
233
278
222
186
65
52
80
64
48
168
49
51
64
45
52
57
51
50
50
48
49
46
43
50
46
52
51
48
50
50
48
50
50
47
51
48
398
368
331
325
211
293
283
293
270
262
278
216
118
49
161
61
286
109
49
51
428
374
371
321
302
283
272
240
55
286
260
88
48
296
474
50
48
102
52
89
53
50
64
51
122
50
51
50
49
120
52
50
51
50
49
46
52
49
50
51
45
49
50
49
47
43
402
336
335
315
51
285
348
278
256
257
278
105
52
162
58
52
54
73
104
52
428
366
309
316
272
282
282
297
68
227
243
293
56
70
54
132
53
126
99
53
120
51
474
70
52
102
44
52
83
52
50
51
52
51
52
50
51
50
44
52
52
50
52
48
49
53
400
342
335
330
54
301
289
288
268
261
276
210
52
196
53
46
64
136
229
364
450
392
352
277
315
312
275
282
252
253
281
216
48
60
52
100
54
189
42
313
184
52
52
56
46
154
49
49
50
52
54
50
50
45
52
50
51
49
51
48
51
46
53
50
49
47
398
366
334
319
96
304
288
268
265
264
273
144
32
59
2
114
54
219
62
48
436
373
364
318
308
256
289
301
94
267
270
50
52
144
52
50
54
48
221
57
112
76
49
194
52
52
51
50
51
56
50
48
48
52
50
51
49
50
52
51
50
52
48
52
46
406
338
342
314
54
301
269
275
273
255
280
27
44
101
27
186
133
57
89
136
440
396
326
330
322
117
278
284
275
231
242
300
52
290
53
44
56
48
163
53
163
64
51
125
50
50
204
52
51
51
48
49
49
49
49
47
50
48
52
56
50
51
52
50
44
52
48
51
403
371
323
353
84
289
286
302
172
266
269
227
198
59
133
288
298
143
106
55
433
362
354
314
304
312
276
268
117
230
273
242
52
149
136
163
187
62
52
176
52
53
83
49
100
51
49
54
49
49
53
41
50
50
49
53
50
52
49
51
64
49
129
51
49
52
51
50
47
50
51
50
51
49
47
51
50
48
48
370
360
337
356
52
298
69
331
257
272
305
257
54
171
50
52
46
62
47
50
423
374
339
318
309
278
245
278
80
274
300
85
108
126
80
51
121
58
49
69
54
167
54
51
82
52
50
64
51
51
56
52
51
46
48
52
50
48
51
46
49
51
52
50
52
399
370
333
342
62
293
289
296
241
272
280
267
41
57
50
281
49
206
246
224
418
387
331
332
299
298
62
280
267
280
264
263
294
88
53
97
51
53
333
52
52
66
59
52
54
52
99
51
50
50
46
49
50
49
50
50
50
50
50
53
49
52
52
43
50
50
376
356
345
293
46
308
77
290
288
287
238
266
49
164
179
288
283
58
190
48
432
370
335
286
313
289
312
238
160
290
297
84
52
280
289
505
238
60
51
125
51
53
68
51
313
49
48
66
48
52
49
50
52
49
48
48
529
50
52
44
53
45
51
52
51
51
46
49
52
45
45
51
48
49
50
51
49
45
48
53
48
46
50
50
49
47
52
52
44
48
49
48
49
356
363
340
361
52
305
284
271
278
299
266
266
53
276
226
60
51
56
281
105
437
384
351
328
317
284
283
237
51
246
280
53
48
175
193
107
54
264
77
50
166
49
52
124
49
51
61
48
98
48
48
49
51
51
47
41
51
51
49
50
50
52
51
51
49
50
48
49
51
50
48
42
45
394
350
332
344
52
292
286
278
331
262
281
277
57
252
129
177
118
77
75
57
457
385
358
349
321
307
125
262
214
296
147
242
178
0
91
129
51
128
83
52
90
52
51
110
52
51
140
50
49
51
51
50
49
46
50
53
50
51
48
48
45
45
48
52
48
51
48
401
357
336
349
52
295
282
340
231
276
306
274
49
157
50
210
64
58
169
355
436
389
348
309
320
299
244
260
285
44
265
154
261
73
48
190
51
178
254
52
49
54
50
138
49
52
131
420
48
52
51
49
51
50
51
51
47
46
50
50
50
52
50
51
52
50
49
45
52
53
51
50
52
46
52
50
388
340
380
310
309
295
161
325
281
276
317
237
57
208
207
300
100
56
53
161
434
404
329
325
292
283
286
274
267
268
198
290
292
128
50
84
49
132
65
50
113
51
52
63
47
50
54
50
66
53
52
54
52
51
50
49
52
50
51
53
52
48
49
44
50
49
51
51
48
51
52
50
45
49
399
362
334
300
51
297
279
304
271
227
313
221
50
252
165
69
124
60
44
50
432
389
369
338
301
269
197
269
268
53
257
277
49
142
466
70
64
51
102
55
49
108
54
52
60
51
178
48
53
52
48
52
53
49
52
45
51
50
51
50
51
50
49
52
52
51
51
52
51
48
51
52
52
51
42
52
49
51
369
360
350
315
177
304
159
285
258
243
285
309
233
114
51
74
56
50
91
54
446
367
347
329
292
286
112
196
276
257
263
273
78
49
161
51
47
102
59
47
66
52
149
54
53
52
52
53
49
53
51
51
52
53
51
52
53
54
51
53
51
56
50
46
50
49
53
53
51
52
50
49
57
52
54
52
49
52
51
49
48
51
54
51
50
51
50
52
47
50
49
54
53
51
53
50
50
45
53
48
50
50
48
52
49
54
54
400
351
354
320
240
282
121
296
269
285
322
261
250
200
57
58
232
53
51
179
449
389
321
331
292
285
196
268
270
294
258
264
270
50
46
140
49
99
71
48
85
50
51
57
51
88
52
49
51
49
51
46
48
49
47
48
40
51
51
50
46
54
50
51
52
49
50
51
50
49
52
51
49
51
50
46
51
49
48
48
50
50
49
49
49
50
50
52
48
50
48
49
51
392
368
328
368
168
316
332
266
266
265
277
300
176
146
51
249
51
46
50
46
442
378
363
308
308
302
214
258
269
0
269
92
50
278
51
50
218
46
52
444
54
213
54
53
98
53
49
88
41
51
49
51
49
51
50
51
50
48
51
48
51
50
55
45
51
48
49
50
397
367
324
362
84
302
302
280
274
258
313
57
178
144
89
223
161
50
58
51
454
401
357
493
339
341
303
288
260
239
212
198
53
83
270
202
66
158
172
64
48
126
52
50
67
51
53
53
50
50
50
49
52
47
47
50
51
51
51
52
53
48
51
51
50
50
51
48
51
46
51
49
53
48
50
48
50
48
48
49
52
398
350
350
324
53
347
225
278
270
256
290
293
57
298
224
69
134
93
59
384
420
396
348
298
326
315
219
289
260
216
256
53
52
293
465
337
112
51
190
78
50
113
58
52
81
46
50
386
49
51
50
50
51
50
49
44
52
50
46
48
50
50
51
400
352
334
319
239
297
270
308
304
268
209
52
133
258
175
69
52
85
56
117
426
405
350
321
301
293
305
61
67
296
238
268
88
40
52
50
53
52
218
55
50
72
49
129
57
52
104
49
52
47
52
51
51
51
51
49
46
47
51
52
54
48
50
49
49
54
49
48
52
49
44
52
48
49
50
49
374
353
360
313
275
291
273
274
267
274
331
62
275
268
59
102
90
52
59
0
435
387
360
324
255
290
242
277
259
51
222
191
86
249
52
410
52
52
61
51
52
48
391
56
51
120
51
99
43
49
50
52
49
49
51
50
46
49
52
48
48
49
50
51
51
51
51
50
49
51
52
357
352
377
292
286
290
281
218
267
264
311
182
293
284
54
225
112
63
53
160
414
381
365
317
303
288
277
262
281
59
253
170
104
270
66
50
62
49
51
90
60
50
49
55
51
66
50
50
49
49
48
50
48
49
46
49
47
51
50
45
50
50
51
47
48
47
46
44
51
50
48
51
49
52
50
48
51
50
48
45
51
50
43
47
47
49
53
45
50
394
356
352
317
282
289
272
264
277
269
308
67
171
154
301
70
52
115
64
198
413
339
357
314
288
306
232
276
264
157
245
58
53
218
59
511
258
52
440
51
51
74
48
46
47
49
50
417
48
50
50
49
50
46
51
49
52
48
48
48
46
48
49
48
47
52
49
44
50
389
360
294
315
335
292
268
253
269
315
268
193
216
160
52
314
53
51
187
51
450
386
344
331
320
309
52
242
276
280
293
123
52
69
70
50
27
56
48
324
51
49
57
52
102
52
49
46
51
50
50
49
49
51
48
49
50
47
52
49
50
52
49
50
49
48
49
49
51
44
51
49
48
48
48
46
50
46
49
49
50
45
51
48
50
50
48
44
48
50
50
49
371
358
352
312
189
301
273
275
267
272
279
232
256
241
57
182
138
53
90
70
443
397
339
336
323
293
300
278
272
417
274
55
155
58
168
90
52
52
66
451
44
51
52
86
46
50
46
50
46
51
51
49
48
51
50
50
49
50
49
51
48
46
51
44
48
53
49
52
48
46
52
49
49
50
49
51
50
50
393
362
338
313
108
281
291
299
297
254
265
268
142
203
241
325
52
51
51
51
389
378
370
331
265
292
299
293
169
285
138
130
204
50
53
49
174
53
120
94
47
46
59
50
101
50
48
50
50
52
44
51
52
45
50
51
46
51
50
51
50
49
50
48
49
51
49
48
43
49
388
360
348
306
177
262
288
315
297
249
246
186
204
150
221
306
54
192
53
50
448
384
352
308
302
261
149
254
162
289
271
49
240
54
47
116
46
113
67
401
91
51
50
56
51
132
48
52
53
51
50
48
53
50
51
49
50
50
53
49
50
49
49
50
51
49
51
44
46
48
51
49
45
48
50
49
50
50
408
347
361
312
212
291
274
262
273
288
277
257
158
201
74
49
186
52
49
60
429
379
342
315
321
298
225
282
234
228
239
49
123
224
445
50
49
11
54
49
50
48
50
42
49
49
48
45
49
53
104
49
51
49
48
49
51
45
51
49
50
48
396
355
350
313
277
280
297
267
266
289
247
260
212
274
254
324
52
48
357
160
456
363
368
335
316
306
280
235
282
249
276
58
84
205
64
51
153
99
51
51
100
50
54
60
49
43
47
46
45
51
49
49
51
47
48
47
51
51
45
49
48
49
48
49
48
50
50
49
51
50
44
45
356
348
322
312
277
351
272
230
256
255
248
73
196
54
51
108
51
45
50
275
439
393
326
312
313
278
186
94
277
289
243
250
52
45
50
51
62
48
51
51
54
92
60
54
89
48
53
168
50
49
50
51
50
50
49
49
52
46
50
51
53
51
52
53
45
51
49
46
43
50
411
352
364
328
288
300
272
271
275
260
218
180
251
340
55
62
241
64
114
177
438
393
322
331
298
245
269
265
265
0
185
288
97
287
65
56
57
49
68
52
51
53
55
46
54
52
49
290
47
52
52
51
49
51
49
52
53
50
50
51
51
52
50
49
52
53
51
49
50
51
52
51
46
51
48
48
52
48
50
48
51
48
51
51
48
382
369
333
289
272
305
142
270
259
309
264
316
180
157
56
194
115
52
268
52
432
377
346
318
294
304
300
268
288
120
275
51
234
50
51
123
57
459
49
48
97
51
53
86
52
53
98
50
50
51
51
49
48
49
50
50
51
51
52
48
51
51
46
51
51
50
50
50
46
44
48
44
51
47
50
49
49
51
51
396
370
333
361
308
268
170
268
272
264
272
35
152
291
52
302
77
53
93
65
436
368
324
323
301
307
280
280
252
274
226
175
143
91
50
96
54
49
108
51
43
113
52
51
64
51
51
51
48
51
49
50
48
52
46
50
49
51
46
50
50
50
49
51
52
51
50
49
47
51
49
52
386
374
335
356
251
344
147
314
289
259
257
121
221
318
60
113
104
46
414
65
445
406
329
322
257
292
52
261
278
241
296
250
142
34
45
52
88
44
298
59
44
86
49
48
89
51
49
403
49
53
50
49
49
50
48
47
41
46
50
46
51
50
49
50
49
54
50
45
51
48
48
48
48
44
49
49
50
51
401
350
328
305
304
264
292
325
304
251
276
202
85
176
102
60
54
131
54
357
452
397
345
305
293
291
268
272
294
248
296
200
59
62
83
56
52
75
382
299
58
47
50
52
51
98
52
50
50
49
51
50
50
53
49
50
51
47
49
52
51
48
51
46
51
48
49
51
52
51
120
50
48
34
51
46
52
50
50
49
48
50
46
48
50
50
45
50
46
50
49
51
51
49
50
49
53
48
49
51
51
49
46
48
53
51
50
52
401
323
337
333
137
313
172
280
275
267
257
62
263
73
48
67
57
49
320
52
452
408
348
338
297
285
244
275
259
288
228
281
208
58
49
76
46
120
75
49
53
48
51
137
50
51
48
49
48
44
48
49
49
49
49
45
48
50
49
42
50
45
49
46
48
49
48
48
53
51
51
48
48
50
47
50
51
46
51
50
49
49
50
50
403
357
332
341
168
324
219
314
248
258
303
50
222
233
220
204
54
49
54
51
444
375
362
325
285
281
64
263
256
271
262
237
54
46
42
54
157
64
57
379
47
52
125
44
51
58
50
51
46
45
52
49
50
38
50
51
49
48
50
50
50
44
45
45
49
49
51
49
45
49
50
50
51
46
51
49
51
50
52
52
51
47
49
50
53
49
50
47
46
50
51
48
49
51
49
50
400
363
302
337
221
310
120
296
290
266
265
101
264
252
45
44
76
52
311
280
444
373
331
312
291
301
270
238
266
232
105
120
37
293
50
94
57
45
168
364
50
73
52
45
62
52
51
51
56
50
49
49
51
49
51
47
51
51
49
50
50
51
405
371
313
277
276
285
172
270
261
309
258
298
182
146
252
317
107
49
150
171
441
376
369
330
297
282
149
275
234
284
260
223
50
155
76
60
239
96
50
395
49
53
52
124
50
52
50
49
50
50
52
50
50
45
52
51
50
50
48
46
51
50
52
49
51
54
50
52
48
50
50
48
50
46
50
53
52
50
50
406
366
332
377
300
291
232
264
266
282
261
267
253
76
54
280
53
48
259
386
448
393
352
336
244
289
255
74
285
272
276
288
81
86
51
45
54
61
96
56
50
50
46
122
56
49
73
406
52
50
50
49
45
51
50
49
45
52
49
51
49
52
51
49
52
49
47
49
53
47
412
341
357
323
284
287
290
267
264
322
258
57
245
240
197
118
58
149
97
308
459
340
363
348
206
308
285
284
191
267
260
256
229
66
90
98
49
53
288
51
45
103
56
47
61
54
49
58
50
50
52
46
45
52
50
51
50
52
48
50
48
46
52
48
50
48
51
48
51
389
355
337
307
197
299
141
265
269
311
259
282
74
217
164
154
51
48
49
50
419
373
353
293
313
293
278
265
293
0
258
51
52
264
272
49
181
57
51
53
48
53
195
52
50
68
51
50
48
46
34
49
50
48
48
52
49
51
52
50
53
51
51
44
49
45
50
51
51
395
363
341
333
238
325
157
296
280
257
255
176
233
255
144
76
185
60
129
403
445
390
358
330
295
269
272
193
270
261
275
247
52
61
48
52
85
52
54
397
57
46
66
56
52
52
52
51
47
51
50
50
52
51
44
49
53
51
50
46
49
51
49
52
49
54
49
51
50
50
52
52
45
411
394
344
317
204
292
273
276
265
314
269
457
233
196
51
72
56
118
101
48
453
345
368
322
284
296
277
266
284
246
93
243
157
219
90
51
55
49
202
58
51
88
53
48
49
51
49
77
50
45
52
49
45
51
49
51
52
49
52
47
52
49
51
50
50
51
50
51
48
410
395
307
314
255
286
308
263
275
266
272
235
256
278
307
277
53
49
340
43
446
371
340
323
293
304
65
72
260
293
270
275
289
57
112
149
51
48
96
53
50
58
56
50
51
57
96
54
50
51
48
52
50
51
49
51
49
49
48
48
52
50
50
50
50
49
51
410
400
332
310
290
289
253
280
252
257
215
245
423
330
282
368
61
99
83
49
444
387
338
323
280
307
147
291
268
33
278
50
44
261
99
86
50
49
56
48
116
53
50
90
47
52
64
48
46
48
51
49
47
48
47
45
45
49
48
44
49
53
41
46
51
44
48
46
50
46
50
46
50
44
48
412
296
338
322
93
305
222
283
309
259
300
265
230
317
294
118
51
43
47
49
448
392
344
236
313
294
139
120
258
251
262
235
75
46
78
67
50
81
54
51
50
50
52
94
51
49
66
50
48
45
50
43
51
50
49
51
49
48
51
48
51
49
50
51
47
52
51
52
49
49
50
46
51
49
52
416
379
365
328
296
292
272
281
261
282
262
261
238
253
56
312
69
52
56
69
457
389
349
324
326
302
286
298
58
291
138
232
270
38
52
52
55
228
108
52
51
104
47
46
68
51
52
51
51
48
51
43
52
51
43
52
53
51
50
52
52
48
50
48
48
49
50
51
49
48
43
49
412
381
335
309
102
290
267
272
267
276
258
499
232
140
50
76
54
50
54
49
452
377
360
328
276
288
202
278
259
278
265
243
56
272
173
57
52
189
49
51
82
49
49
68
45
47
53
50
51
45
47
51
48
50
49
50
52
50
52
49
46
51
52
48
47
48
51
50
47
51
51
52
47
49
49
43
50
411
389
325
313
308
290
328
280
301
260
304
258
224
284
346
107
52
173
217
47
451
365
366
344
329
313
286
297
288
59
69
130
290
64
51
51
58
49
149
62
54
80
84
52
49
62
50
49
51
46
49
47
50
50
52
46
50
46
51
49
48
45
51
50
49
49
50
49
50
49
52
406
401
277
307
309
275
240
273
266
241
249
330
222
100
50
66
53
144
195
49
447
346
373
336
261
259
276
269
235
251
56
213
132
53
65
50
46
100
57
51
116
52
53
84
50
50
62
50
50
51
49
54
52
50
52
53
51
51
57
51
50
52
49
51
51
49
51
51
53
50
50
52
44
51
48
50
47
54
51
49
53
51
50
47
52
46
51
50
47
51
48
49
408
402
324
308
313
285
298
228
257
258
265
250
273
266
287
313
58
51
325
50
448
346
348
322
300
292
242
274
260
276
246
141
85
276
282
76
48
267
50
49
46
54
50
56
54
72
51
51
45
43
50
50
48
52
47
32
50
51
47
49
49
48
48
50
51
50
50
48
49
41
410
300
339
290
171
309
131
298
244
251
256
265
217
302
225
61
49
69
51
48
445
380
356
322
294
245
233
252
262
264
269
193
131
160
464
67
53
100
70
378
94
63
53
185
53
49
115
49
45
49
52
49
49
48
49
49
43
49
49
48
49
51
50
50
45
52
47
46
51
48
50
50
375
393
340
296
323
294
131
289
305
258
310
254
137
292
292
104
46
49
38
51
442
385
355
322
308
283
78
249
285
269
245
153
44
267
171
57
53
48
64
50
50
60
49
48
60
49
50
336
49
49
51
45
47
49
50
49
51
51
46
48
50
50
48
48
50
49
48
46
49
45
53
47
51
49
48
49
51
408
344
332
277
293
292
220
275
264
252
252
301
177
289
185
129
49
52
116
51
453
386
354
325
278
292
276
64
240
288
212
162
72
172
57
146
57
117
113
51
52
137
50
43
133
53
50
97
50
48
52
51
51
49
46
50
47
48
49
46
50
411
357
390
318
288
292
277
282
272
276
260
242
293
267
229
411
272
189
70
50
451
384
347
330
315
309
257
289
255
40
284
61
104
50
50
69
52
387
58
50
52
55
50
324
53
46
52
46
52
50
50
54
52
51
51
52
52
47
51
52
51
49
51
51
50
50
50
51
54
51
50
50
51
52
53
48
47
51
48
52
53
52
51
50
53
49
50
50
52
49
51
52
50
47
49
48
406
400
301
309
310
283
305
276
260
251
247
86
187
285
58
99
196
49
49
197
446
402
349
336
317
285
285
276
284
264
186
259
150
314
49
496
50
53
156
113
48
51
146
52
49
81
51
191
51
50
50
49
51
45
52
50
50
52
48
50
50
48
52
50
51
51
53
49
52
50
378
388
305
301
306
290
318
280
296
260
291
224
251
272
67
201
78
57
94
116
448
387
323
328
328
296
298
229
65
281
218
192
221
186
52
72
74
48
140
0
52
172
54
53
100
52
45
48
53
46
53
50
51
51
50
38
52
50
50
50
54
49
51
52
50
50
52
48
49
50
50
48
49
51
52
49
52
51
51
409
398
282
310
299
277
298
271
259
246
261
253
253
274
277
209
122
52
55
76
438
355
312
314
284
302
51
284
268
262
289
60
83
238
61
169
90
57
169
164
49
51
57
50
54
53
51
145
49
49
51
49
50
50
51
50
48
48
48
48
46
47
49
408
378
368
322
275
295
277
257
263
296
249
168
288
266
184
213
57
50
313
65
451
385
354
337
303
264
281
262
276
284
268
283
49
273
77
49
207
56
50
110
55
51
91
52
51
101
54
51
50
53
47
45
50
50
50
50
47
49
51
49
49
44
47
51
51
52
52
50
51
50
50
46
52
51
50
50
48
48
52
48
51
51
47
49
51
51
50
50
44
51
49
50
49
44
50
410
384
300
312
296
289
307
270
258
305
254
49
289
274
274
243
52
50
248
52
443
389
328
314
232
299
138
186
265
278
229
65
131
204
73
45
136
119
51
4
60
49
49
73
49
42
46
48
49
50
50
47
46
50
48
50
52
45
52
47
47
51
48
49
418
362
321
290
306
277
276
286
255
308
260
159
187
203
274
158
91
64
58
95
426
390
360
312
281
285
277
288
248
278
260
289
256
84
221
55
48
157
350
152
51
48
123
90
61
49
66
51
48
49
50
44
48
53
48
49
51
49
51
46
46
50
51
50
50
50
48
49
50
51
48
48
412
369
381
313
285
286
304
267
259
244
257
251
237
296
147
153
51
119
92
48
449
381
370
330
261
293
275
255
286
205
269
251
136
53
89
73
50
51
240
49
50
72
51
85
65
44
50
51
49
50
49
49
52
52
50
49
47
50
53
45
50
51
48
48
46
50
50
402
373
376
314
286
290
272
275
262
291
258
129
265
225
182
126
91
132
50
50
396
333
364
305
308
295
286
269
275
268
285
300
123
64
63
55
52
220
74
49
49
60
51
59
52
51
99
56
50
49
48
47
50
48
50
51
48
51
50
46
47
51
50
49
52
46
50
48
50
49
47
46
50
50
49
51
50
49
51
50
49
48
50
50
49
51
42
51
49
50
389
398
338
324
305
295
271
272
273
232
255
92
242
262
281
302
50
116
238
52
448
388
336
309
314
286
49
284
257
286
267
162
47
226
62
141
160
60
52
47
49
53
50
52
48
51
45
49
51
53
50
48
43
48
46
50
42
53
49
49
50
53
44
46
