49
52
396
306
336
312
307
293
283
280
278
265
210
264
174
137
50
141
80
52
49
56
437
360
367
209
330
264
252
291
292
51
274
244
163
328
67
51
77
53
0
71
50
84
54
52
53
51
48
48
53
56
51
52
434
48
75
426
50
52
51
52
52
49
52
53
52
51
51
49
49
52
51
50
55
44
56
45
49
399
348
340
293
297
344
307
278
289
302
320
62
51
97
50
121
52
112
66
355
450
390
348
357
326
289
285
287
292
283
108
153
240
214
68
100
85
50
215
67
53
53
55
51
134
51
51
82
50
51
52
50
52
43
51
50
48
51
50
49
51
49
49
46
49
51
49
50
52
49
53
51
51
50
51
52
51
49
49
51
403
318
335
322
303
301
280
328
278
268
281
95
51
50
52
54
54
37
85
49
450
380
348
300
329
291
234
298
284
277
228
103
59
51
48
51
114
53
217
56
47
51
53
52
84
52
56
54
51
50
52
52
51
46
52
50
51
52
52
52
52
48
51
45
51
51
57
52
50
49
51
50
48
50
48
405
349
339
305
292
290
286
275
274
117
241
171
461
17
281
352
307
72
162
344
446
408
346
345
321
315
269
282
294
53
292
313
206
58
48
124
53
176
306
52
120
51
51
44
52
82
52
49
51
49
54
49
51
48
51
46
50
53
52
51
52
52
48
46
52
48
53
50
50
45
51
50
48
51
52
51
49
398
331
330
308
294
276
276
267
268
242
64
169
285
142
220
51
51
249
49
369
433
392
368
338
322
313
274
249
239
289
280
55
154
140
46
153
49
51
107
387
54
62
53
82
54
78
47
48
54
51
51
48
51
48
52
48
52
49
52
53
52
51
48
50
50
51
49
48
52
49
45
51
52
50
51
400
369
333
293
305
341
290
281
265
276
309
138
277
234
51
244
52
99
80
54
444
398
373
271
305
288
282
109
264
274
285
148
178
60
50
275
50
51
76
46
51
49
52
138
51
49
56
50
50
49
52
51
49
52
48
50
49
46
49
50
51
50
48
48
51
50
49
52
51
49
51
48
52
46
51
42
49
404
394
318
313
312
313
299
285
244
264
269
58
54
164
50
144
74
173
69
328
456
362
351
330
298
284
290
285
266
249
286
269
59
204
40
53
107
56
51
100
50
51
65
51
51
48
51
53
52
51
51
52
50
51
52
42
50
45
52
50
54
49
48
49
50
49
48
47
47
55
51
50
48
51
49
50
48
51
49
50
51
48
53
50
52
51
45
56
52
49
50
48
48
53
51
51
53
50
47
52
50
50
50
50
347
396
291
317
310
321
312
269
261
147
271
58
51
198
51
267
65
184
61
313
454
365
348
329
292
278
162
298
267
241
292
281
60
221
85
59
209
52
142
115
53
52
66
54
52
55
53
99
48
50
52
49
53
51
52
51
52
49
52
51
52
50
51
52
49
51
52
50
52
49
50
49
50
49
50
51
51
52
50
48
51
48
50
49
52
52
48
49
51
47
51
49
50
49
51
403
398
310
315
163
349
345
267
272
230
269
59
110
54
42
49
220
99
53
67
438
390
326
315
283
281
270
257
291
352
273
297
79
243
82
60
142
72
61
49
52
46
114
48
149
46
45
49
50
50
50
49
50
48
50
52
48
48
46
47
51
49
52
47
52
49
54
49
50
48
48
47
50
51
50
50
46
49
50
54
51
393
348
379
298
324
298
325
273
264
290
258
192
173
65
52
238
50
108
66
54
437
388
361
309
300
302
282
228
273
59
218
149
140
181
52
78
53
53
76
53
110
52
53
216
51
46
53
52
50
52
53
52
50
50
48
51
53
52
50
51
48
52
51
52
52
46
51
45
55
52
52
49
54
52
48
51
52
52
52
400
397
310
314
301
266
289
272
267
265
284
70
50
163
155
67
200
50
110
70
449
414
340
323
291
288
261
292
272
280
243
220
147
50
54
53
75
52
393
344
49
208
51
52
59
51
48
52
43
51
50
50
51
49
51
49
50
50
50
51
51
48
53
53
51
49
50
46
52
50
53
52
51
50
52
49
52
414
353
341
306
315
325
328
275
265
226
228
186
49
135
57
263
45
94
198
52
453
377
362
306
312
304
262
266
269
273
269
83
122
2
54
93
77
53
108
57
50
114
54
53
54
52
104
54
51
49
52
50
52
49
53
51
51
56
51
55
52
50
50
49
52
52
49
46
52
50
48
54
52
47
49
52
49
401
293
345
310
62
301
286
285
271
291
267
97
56
289
96
270
63
78
77
324
453
395
371
297
260
297
276
301
267
278
288
89
182
75
51
48
58
52
201
66
48
123
53
45
61
50
50
49
54
50
46
52
52
45
51
50
51
64
52
99
52
50
49
49
45
49
48
48
49
51
49
50
47
50
50
50
50
42
52
50
52
46
48
50
50
46
56
46
51
49
49
43
46
50
422
382
330
316
314
288
255
269
269
270
299
268
219
276
291
66
51
49
69
288
452
396
348
302
300
281
294
307
269
273
252
116
193
85
51
51
117
54
180
59
52
60
54
53
85
52
49
51
52
50
411
50
142
45
56
51
57
51
49
48
48
52
52
51
51
46
52
48
51
51
49
49
50
47
53
48
51
51
52
49
399
395
397
318
305
336
282
284
260
240
309
47
50
235
187
210
51
51
93
57
450
401
355
345
322
314
278
267
267
269
294
236
58
46
76
48
51
56
48
126
51
52
88
46
44
66
52
50
45
49
50
49
52
49
46
48
52
48
54
45
50
48
50
50
45
48
51
49
50
51
48
47
50
50
51
48
50
