57
444
382
353
337
315
313
288
283
292
303
227
280
222
249
85
57
53
73
214
99
478
430
373
342
341
328
312
297
296
174
254
280
114
191
255
57
62
156
46
253
60
56
132
58
82
74
56
111
59
48
53
54
52
53
49
56
53
56
50
52
54
56
54
54
54
56
54
51
52
51
50
51
445
391
347
338
329
334
293
274
205
277
266
280
101
164
276
214
46
140
77
57
459
409
377
341
322
324
294
296
300
276
291
291
283
244
70
53
116
68
55
104
51
154
56
52
73
54
101
59
54
52
56
56
51
56
56
50
57
57
53
55
54
54
53
53
52
56
53
56
56
56
60
53
54
54
52
53
56
51
56
446
395
341
338
345
344
288
290
61
281
269
282
58
67
293
308
78
54
179
54
497
377
393
352
316
314
292
305
285
280
57
285
121
159
100
66
57
331
61
58
106
56
52
67
54
65
54
54
81
54
52
48
57
56
51
52
53
54
56
53
56
54
51
54
50
54
51
48
48
47
53
53
53
49
56
54
51
49
445
396
405
333
293
318
310
292
265
258
274
301
126
56
132
56
49
75
61
55
461
426
391
368
338
283
299
293
283
267
65
282
225
122
270
75
64
59
177
172
109
59
54
106
57
57
83
51
53
53
57
56
53
56
57
54
54
54
51
53
52
54
45
56
48
53
54
54
53
54
56
56
440
417
354
362
319
302
301
308
64
289
243
310
302
76
277
301
81
60
152
53
428
403
386
342
309
321
255
309
300
70
284
206
284
212
193
72
182
59
47
201
52
57
115
57
51
72
57
57
58
60
55
57
50
51
56
53
55
52
53
49
53
56
57
50
50
54
56
53
50
49
54
55
53
50
51
52
54
57
54
53
54
55
57
50
51
53
54
51
54
52
53
54
54
393
425
393
328
326
313
307
245
284
282
328
293
56
54
63
61
229
59
53
56
505
446
370
360
294
310
291
256
277
262
267
197
232
269
366
93
168
176
59
113
32
54
53
76
52
56
51
49
54
57
54
56
48
53
50
52
48
53
53
51
52
56
56
50
50
52
46
51
49
51
54
54
56
53
45
53
54
46
396
400
317
334
322
305
299
289
280
300
22
269
273
291
54
125
176
57
135
67
452
411
372
345
326
305
294
292
286
296
289
293
306
61
97
85
54
57
483
60
54
58
57
112
56
58
132
389
54
55
53
58
51
48
52
56
56
53
57
52
54
53
54
52
58
54
58
51
53
57
53
56
51
398
346
339
337
184
307
301
284
255
225
284
233
132
51
53
169
82
57
81
55
462
386
370
361
324
256
277
283
288
292
265
300
260
52
115
55
54
56
493
144
52
51
62
56
107
46
57
78
52
51
54
56
56
52
52
46
52
56
57
53
51
54
58
51
51
52
51
55
54
53
57
54
428
379
352
329
292
293
297
280
309
270
270
292
294
71
284
93
91
54
68
483
460
384
372
343
285
296
295
267
276
284
129
262
91
55
130
52
59
246
480
51
110
62
58
76
58
54
56
57
49
55
52
59
57
56
54
57
54
57
54
55
54
56
58
50
50
50
51
55
54
54
54
54
53
51
52
53
52
53
54
53
56
51
52
49
49
54
47
50
53
56
53
49
54
56
426
357
348
324
305
331
299
330
276
260
49
268
249
54
56
56
215
136
72
179
468
400
372
318
339
282
53
243
158
274
60
58
56
299
61
52
95
58
121
117
60
50
75
52
53
59
60
52
49
53
52
51
51
54
52
53
50
56
53
54
48
54
52
51
50
51
51
44
50
50
50
56
53
433
378
347
323
315
297
284
307
270
275
117
265
248
57
53
321
83
57
75
62
457
348
379
312
312
296
283
267
275
288
64
292
134
54
93
65
59
93
86
56
109
54
54
98
50
58
54
54
51
52
52
54
52
54
54
50
51
54
56
56
53
56
54
56
52
54
53
53
53
54
56
50
60
57
51
53
57
52
56
52
58
56
53
51
54
56
56
54
57
363
377
395
332
320
293
346
291
324
285
301
277
265
178
73
56
290
56
61
317
462
396
349
331
333
313
149
264
324
182
197
280
302
99
60
173
53
50
216
463
57
100
54
45
63
54
126
59
52
57
48
56
52
49
48
53
56
44
51
45
52
56
48
53
49
57
50
52
53
56
48
52
53
48
46
53
50
50
50
52
56
51
54
48
53
51
52
51
52
57
53
53
52
53
57
441
370
372
323
289
304
315
302
255
284
285
280
52
244
322
63
51
62
54
201
476
435
360
360
321
264
302
307
304
291
160
244
123
59
240
100
46
59
69
276
145
53
56
73
51
76
56
58
76
52
54
54
54
56
50
54
52
50
57
53
56
54
57
56
49
50
57
51
53
54
52
54
51
47
57
54
56
55
57
54
50
51
54
49
52
53
53
57
51
46
52
53
433
394
352
331
339
332
294
296
70
297
283
272
0
253
309
179
44
96
52
65
472
425
366
346
219
151
300
278
286
141
269
144
314
134
181
58
56
97
65
62
48
60
59
103
57
51
122
58
49
58
51
57
56
50
54
50
53
54
52
57
44
56
54
52
54
55
51
52
57
53
52
49
53
53
53
54
56
52
52
49
57
53
57
54
52
52
53
55
51
50
54
53
49
50
51
53
53
52
50
52
420
393
345
328
344
276
307
316
273
281
270
286
259
158
156
166
80
53
176
64
473
424
361
299
301
229
308
262
275
209
245
59
302
88
136
54
56
54
54
64
54
107
59
56
248
56
54
89
52
51
56
53
52
54
56
57
53
53
54
53
52
60
54
53
53
49
56
53
56
52
54
51
57
53
53
457
418
339
325
314
310
291
300
276
290
275
272
274
116
51
60
54
57
98
60
461
396
386
340
222
312
299
283
280
198
280
53
244
164
81
58
52
65
207
107
54
53
70
57
237
57
55
99
51
51
53
53
52
56
49
49
46
53
52
53
52
52
52
52
48
54
50
54
54
52
51
50
52
54
52
53
51
54
52
54
53
50
53
49
46
56
54
53
54
50
56
54
52
51
56
58
52
51
54
53
50
53
52
48
52
45
54
55
53
54
52
53
52
58
50
50
55
56
44
47
54
449
411
348
312
321
310
284
316
280
237
281
237
289
250
106
56
264
57
51
52
453
416
358
326
333
257
267
289
88
290
297
253
178
163
50
121
56
55
60
56
50
94
57
54
85
57
52
56
53
56
54
52
50
52
51
54
49
57
56
50
53
54
53
56
46
54
53
51
53
53
51
54
56
53
53
54
56
56
53
53
54
56
53
54
52
52
50
54
52
53
57
51
53
451
399
360
325
306
331
283
336
276
267
275
276
291
280
149
52
199
58
56
56
456
395
362
345
334
275
232
297
282
282
203
292
241
126
51
97
57
54
371
59
54
75
53
217
57
54
50
51
54
53
51
54
50
50
53
53
52
56
53
51
51
54
53
52
54
53
48
49
48
50
50
51
50
51
53
52
55
50
56
52
386
337
351
331
317
263
348
275
315
289
296
254
313
70
49
57
61
56
114
57
467
404
379
348
300
312
262
281
281
246
264
147
58
216
67
57
54
98
478
49
58
52
116
67
53
68
51
56
51
56
53
51
51
52
54
56
53
52
53
51
53
56
58
56
54
56
51
49
54
51
58
52
56
53
53
53
57
52
452
420
332
330
306
322
315
330
275
268
273
273
262
106
58
91
80
51
93
309
469
408
379
350
285
305
259
272
273
280
296
186
101
210
82
65
57
174
469
49
50
51
54
85
48
52
53
58
55
56
51
54
51
58
53
53
51
52
54
53
53
51
52
54
57
52
51
50
54
56
52
54
48
56
56
57
53
52
57
54
48
53
50
357
339
377
339
309
273
275
285
263
251
204
266
150
53
87
53
208
58
56
0
448
422
342
334
336
287
310
259
257
277
302
277
203
198
55
56
98
62
128
62
60
53
74
52
89
64
56
54
51
51
52
55
56
57
53
59
54
51
52
52
57
53
52
56
54
56
57
52
56
56
52
56
54
51
52
54
51
47
55
57
50
52
56
53
53
51
57
58
57
54
53
52
56
52
52
57
53
53
50
53
53
49
53
56
57
54
56
52
55
53
53
57
52
54
54
56
53
63
54
57
52
426
411
356
320
307
310
310
275
293
282
302
262
252
82
55
149
63
58
90
392
459
377
366
356
276
293
300
244
197
286
234
229
89
57
75
57
59
65
355
57
54
56
105
63
54
92
51
52
53
52
51
55
51
55
50
51
53
56
56
55
51
53
53
53
56
54
53
57
48
49
53
51
57
57
53
54
56
52
55
58
51
51
53
53
57
56
53
56
54
54
51
54
52
56
53
51
53
55
52
57
51
56
56
52
58
56
57
51
55
58
56
55
56
53
56
56
56
64
53
50
50
427
411
349
318
312
296
300
263
278
270
282
230
200
130
52
203
84
54
96
65
464
422
362
365
320
329
292
271
291
136
96
60
189
60
200
51
61
152
52
51
54
45
56
57
59
57
141
48
54
57
49
53
54
48
54
50
60
54
54
52
52
58
56
54
54
56
53
52
57
56
52
54
50
56
53
52
53
47
53
428
375
347
315
322
309
282
327
280
268
267
169
229
196
65
57
256
62
57
214
461
400
344
340
330
306
271
276
248
281
289
286
285
140
57
131
152
56
54
70
50
56
68
51
50
53
53
190
50
55
56
54
53
53
50
53
52
54
63
56
55
53
56
52
53
55
51
50
49
53
51
54
53
54
55
51
54
53
53
52
54
54
55
54
58
57
53
49
54
54
59
51
52
444
406
344
340
273
301
297
276
329
243
321
331
267
120
117
72
258
117
71
53
473
426
367
315
342
305
278
293
302
238
244
286
119
51
126
60
56
62
53
140
57
54
58
58
86
55
53
67
52
54
54
57
54
49
57
51
52
56
54
52
58
52
52
53
56
54
53
54
53
54
49
54
53
46
53
52
53
51
49
54
48
52
52
53
53
57
49
53
55
56
56
56
57
54
54
50
59
48
63
53
54
54
54
52
50
54
52
50
50
56
50
53
53
52
57
52
50
55
57
53
52
446
380
352
344
363
310
290
282
275
289
325
309
219
207
246
57
240
84
57
50
467
419
375
328
330
288
288
301
298
254
273
74
138
244
54
53
201
54
56
101
58
154
58
51
105
52
52
52
54
52
52
54
48
49
52
57
54
53
54
53
53
57
54
56
51
51
53
52
53
54
53
54
52
51
54
53
51
52
53
54
50
50
54
238
411
370
296
323
220
291
280
278
282
248
273
80
54
250
192
80
123
62
55
468
406
381
355
329
309
248
281
283
53
228
228
49
249
155
53
49
81
57
51
59
53
60
54
54
58
51
98
50
50
51
56
52
51
53
57
53
53
52
54
51
53
53
54
51
53
55
52
53
56
53
57
49
52
56
52
54
54
56
47
49
386
412
383
336
315
308
298
229
318
289
269
274
91
174
277
68
67
54
96
57
390
421
384
370
341
331
266
286
230
261
297
302
274
205
282
60
77
56
56
270
58
179
77
53
129
59
53
94
57
53
54
50
51
49
50
52
53
52
52
51
56
57
53
51
53
56
52
54
54
49
44
49
47
54
54
54
53
51
50
48
51
53
54
51
54
53
54
52
52
59
54
53
407
415
371
336
328
325
296
255
315
282
273
274
50
162
286
149
385
62
51
93
474
445
363
369
344
290
294
303
266
290
0
298
59
91
238
54
122
52
139
323
66
56
99
56
52
94
57
133
56
52
54
54
53
57
57
54
51
56
53
54
54
56
51
55
53
55
52
54
51
57
56
54
54
53
52
46
54
52
60
425
410
377
341
324
336
292
260
269
301
285
292
128
144
300
61
200
77
58
176
465
411
371
341
330
257
304
284
286
283
253
58
108
113
56
123
56
140
419
57
64
54
50
85
64
51
54
54
98
49
54
56
51
50
53
58
52
49
55
54
56
54
53
52
46
54
56
54
56
56
54
53
52
428
353
355
325
280
300
277
278
277
265
56
265
187
53
57
54
281
64
54
373
483
414
354
350
338
261
310
287
284
280
69
260
173
164
114
61
157
155
56
56
53
58
52
59
49
54
54
52
54
53
54
50
44
54
54
54
50
51
52
54
56
46
52
54
53
52
49
52
54
53
51
55
53
53
53
52
47
54
53
50
53
430
362
305
290
346
302
261
285
278
268
273
272
266
175
145
62
315
95
56
300
444
404
369
349
316
278
257
278
83
286
257
236
202
60
57
83
70
46
398
59
52
67
53
34
57
55
148
54
52
53
47
56
50
54
51
53
48
52
51
51
53
51
51
51
52
58
52
51
54
54
52
52
57
54
51
49
52
53
56
49
52
49
52
54
57
53
56
57
56
51
58
53
53
53
54
56
51
57
54
51
52
53
53
52
54
416
362
380
314
316
293
250
286
325
299
313
286
140
171
58
116
302
59
55
283
464
418
341
361
223
291
296
292
274
282
174
281
224
81
56
172
49
139
371
58
53
112
53
52
60
53
53
58
51
48
50
56
53
48
49
53
53
53
54
52
54
56
54
51
54
54
51
51
56
58
50
57
51
54
50
53
52
52
53
54
52
53
53
52
53
52
56
50
50
50
52
55
51
53
53
47
48
53
48
56
432
376
317
295
347
296
302
292
277
268
68
220
275
240
65
53
301
54
54
457
455
387
352
328
317
321
275
94
264
258
273
262
274
64
91
56
233
73
52
51
56
45
77
56
109
61
53
121
51
56
52
54
56
53
51
53
56
52
51
54
54
52
53
54
56
54
56
52
56
55
56
56
52
56
52
55
53
47
52
54
54
54
52
54
52
51
55
52
52
49
53
50
56
53
52
54
56
49
54
54
53
426
374
348
326
312
306
290
321
278
270
53
181
142
59
211
60
52
147
64
279
446
405
382
333
325
302
296
255
277
86
254
83
105
182
52
53
56
213
425
51
56
58
54
82
49
126
56
56
56
56
54
53
51
51
51
57
56
56
48
56
54
56
53
53
53
55
53
55
54
61
58
52
53
54
52
50
52
50
51
58
46
55
50
58
55
54
58
54
51
57
50
57
55
54
52
59
51
56
58
51
54
53
54
432
377
347
327
296
296
289
306
273
272
54
211
134
108
200
64
217
59
53
427
449
384
318
342
314
286
298
233
291
296
261
196
316
47
53
120
58
54
351
51
91
53
54
51
58
50
65
58
53
54
53
56
55
53
53
56
60
56
52
53
59
52
56
56
53
54
54
54
53
53
56
52
56
52
51
53
54
57
52
52
54
51
54
59
53
56
53
55
46
51
56
53
52
55
52
53
49
53
55
57
51
49
48
52
52
425
378
389
325
326
297
305
285
273
276
266
273
240
197
62
69
198
75
56
133
433
406
370
284
309
321
277
286
235
211
277
266
60
136
48
138
74
104
54
58
48
96
54
51
80
48
54
57
56
53
54
53
57
52
50
52
51
53
59
55
55
53
53
54
57
52
53
59
53
53
54
56
49
54
56
56
53
53
54
56
56
59
56
52
52
52
50
54
57
52
54
53
52
53
55
59
51
57
57
51
52
51
51
52
54
51
433
376
308
292
354
297
297
305
249
269
62
82
275
267
53
82
156
58
56
465
456
417
358
342
183
322
286
291
276
273
284
86
116
208
116
59
53
57
110
56
51
57
54
53
58
97
58
57
52
54
49
58
54
47
54
53
53
54
54
52
52
48
57
54
52
49
56
54
49
54
54
56
54
57
49
52
54
51
52
56
58
54
56
53
53
52
49
52
54
402
363
386
339
323
301
230
283
264
315
259
280
233
201
60
58
298
58
57
76
461
417
376
347
231
284
309
302
251
276
241
297
165
169
58
110
69
52
285
54
56
111
57
49
79
56
56
64
53
51
59
52
48
52
53
53
53
53
40
53
59
51
50
57
55
53
53
52
54
58
54
53
53
53
52
53
53
52
51
54
57
58
48
52
54
54
53
55
53
53
51
58
53
50
52
54
58
52
50
46
436
378
294
293
339
294
296
293
279
268
70
250
268
97
49
57
281
67
50
402
446
411
353
333
328
296
300
264
297
260
273
64
92
138
48
60
51
193
72
56
97
57
57
93
62
58
58
59
50
52
49
53
56
52
57
57
51
56
57
53
51
53
52
46
50
56
57
58
56
55
53
55
56
57
55
51
53
52
58
49
51
54
54
56
54
52
52
57
56
51
53
57
58
51
51
62
53
61
49
426
347
302
298
344
288
293
322
280
261
67
214
273
139
25
51
269
61
50
467
449
414
364
340
337
293
255
248
272
89
290
54
188
236
59
50
57
77
50
124
50
50
143
52
53
60
50
49
53
49
46
53
56
54
58
54
52
51
52
53
54
54
53
51
48
57
54
53
52
52
53
52
51
54
53
53
51
49
52
51
43
52
52
54
54
52
56
54
53
53
50
50
52
52
53
52
54
57
53
51
51
52
56
53
52
53
341
333
352
322
299
337
316
282
325
177
72
230
62
49
0
58
83
65
98
317
451
397
314
315
312
310
121
296
258
277
216
131
152
71
59
70
54
266
366
51
116
56
55
58
56
92
57
48
57
50
48
53
50
54
53
51
54
54
53
53
51
51
50
52
54
53
52
51
52
45
54
48
53
51
53
56
54
53
54
52
54
49
51
54
57
52
57
51
55
55
56
55
52
54
57
53
58
52
54
405
363
378
340
320
286
253
281
275
266
268
265
198
54
224
110
51
182
88
53
469
393
349
313
330
269
289
307
285
277
286
98
30
285
57
49
74
61
501
57
56
102
53
81
101
58
51
70
53
54
49
52
49
53
54
52
50
56
53
55
53
53
51
53
56
54
51
53
56
48
53
53
54
49
57
54
56
56
54
52
56
52
54
53
51
57
56
52
440
417
345
323
321
310
298
276
280
271
285
275
172
59
79
57
269
134
52
139
416
405
374
333
197
197
305
256
259
175
277
70
54
222
54
52
68
68
456
64
59
50
53
56
78
57
53
59
54
53
52
55
54
53
52
51
53
53
51
51
53
44
51
54
45
52
54
55
54
54
51
56
53
52
53
53
54
50
52
53
51
52
53
52
56
51
49
54
57
53
51
53
384
323
361
336
306
282
238
278
276
251
222
218
163
54
298
57
110
65
55
30
435
409
362
352
232
292
258
292
245
296
307
57
53
282
56
54
77
192
490
70
156
52
52
46
83
64
51
101
48
56
53
52
51
56
56
54
53
52
51
56
51
53
54
56
54
54
56
58
55
55
54
57
52
54
56
52
52
50
56
57
58
52
48
54
56
54
53
54
56
54
57
57
54
51
55
